55.944425,-3.188396,SSE,55.944147836140246,-3.1882811949702905,0.0,248.75
55.944147836140246,-3.1882811949702905,NNW,55.944425,-3.188396,63.775421544612854,247.8231837318418
55.944425,-3.188396,SW,55.944212867965646,-3.188608132034356,63.775421544612854,246.5731837318418
55.944212867965646,-3.188608132034356,SSW,55.94393570410589,-3.1887229370640653,155.93336112793043,358.96558029693546
55.94393570410589,-3.1887229370640653,S,55.94363570410589,-3.1887229370640653,249.4401817065853,464.42235277181425
55.94363570410589,-3.1887229370640653,SE,55.94342357207153,-3.1885108050297095,249.4401817065853,463.17235277181425
55.94342357207153,-3.1885108050297095,ESE,55.94330876704182,-3.188233641169956,331.795408829375,572.2591849909714
55.94330876704182,-3.188233641169956,E,55.94330876704182,-3.187933641169956,367.33777944832224,628.4541747400752
55.94330876704182,-3.187933641169956,SE,55.943096635007464,-3.1877215091356,367.33777944832224,627.2041747400752
55.943096635007464,-3.1877215091356,SE,55.94288450297311,-3.1875093771012444,402.9034058895081,668.0647096668723
55.94288450297311,-3.1875093771012444,SW,55.94267237093875,-3.1877215091356,488.51127840231595,672.2987672701978
55.94267237093875,-3.1877215091356,NE,55.94288450297311,-3.1875093771012444,488.51127840231595,671.0487672701978
55.94288450297311,-3.1875093771012444,NE,55.943096635007464,-3.1872972450668886,488.51127840231595,669.7987672701978
55.943096635007464,-3.1872972450668886,NNE,55.94337379886722,-3.187182440037179,540.0807658490513,768.9298409095915
55.94337379886722,-3.187182440037179,NNW,55.94365096272698,-3.1872972450668886,540.0807658490513,767.6798409095915
55.94365096272698,-3.1872972450668886,NW,55.94386309476133,-3.1875093771012444,625.7878348667491,834.6516138018603
55.94386309476133,-3.1875093771012444,N,55.944163094761336,-3.1875093771012444,667.6456676184587,908.0167540355686
55.944163094761336,-3.1875093771012444,NE,55.94437522679569,-3.1872972450668886,667.6456676184587,906.7667540355686
55.94437522679569,-3.1872972450668886,NE,55.94458735883005,-3.187085113032533,762.6239346960069,955.3853338235097
55.94458735883005,-3.187085113032533,SE,55.94437522679569,-3.186872980998177,762.6239346960069,954.1353338235097
55.94437522679569,-3.186872980998177,SE,55.944163094761336,-3.1866608489638213,762.6239346960069,952.8853338235097
55.944163094761336,-3.1866608489638213,SE,55.94395096272698,-3.1864487169294655,762.6239346960069,951.6353338235097
55.94395096272698,-3.1864487169294655,SE,55.943738830692624,-3.1862365848951097,839.2142619430607,973.1633800641603
55.943738830692624,-3.1862365848951097,E,55.943738830692624,-3.1859365848951096,915.9282238145914,1090.5058596198023
55.943738830692624,-3.1859365848951096,N,55.94403883069263,-3.1859365848951096,915.9282238145914,1089.2558596198023
55.94403883069263,-3.1859365848951096,NNE,55.94431599455238,-3.1858217798654,915.9282238145914,1088.0058596198023
55.94431599455238,-3.1858217798654,N,55.944615994552386,-3.1858217798654,937.1440064290695,1102.8430601146224
55.944615994552386,-3.1858217798654,NE,55.94482812658674,-3.1856096478310443,937.1440064290695,1101.5930601146224
55.94482812658674,-3.1856096478310443,NE,55.9450402586211,-3.1853975157966885,937.1440064290695,1100.3430601146224
55.9450402586211,-3.1853975157966885,NNE,55.945317422480855,-3.185282710766979,1006.5165373008474,1160.4733819994487
55.945317422480855,-3.185282710766979,NNW,55.94559458634061,-3.1853975157966885,1006.5165373008474,1159.2233819994487
55.94559458634061,-3.1853975157966885,NW,55.94580671837497,-3.1856096478310443,1080.1212419254098,1182.0004488027057
55.94580671837497,-3.1856096478310443,SSE,55.94552955451521,-3.1854948428013348,1080.1212419254098,1180.7504488027057
55.94552955451521,-3.1854948428013348,SSE,55.945252390655455,-3.1853800377716253,1080.1212419254098,1179.5004488027057
55.945252390655455,-3.1853800377716253,SSE,55.9449752267957,-3.1852652327419158,1080.1212419254098,1178.2504488027057
55.9449752267957,-3.1852652327419158,SSE,55.94469806293594,-3.1851504277122062,1080.1212419254098,1177.0004488027057
55.94469806293594,-3.1851504277122062,SE,55.944485930901585,-3.1849382956778505,1080.1212419254098,1175.7504488027057
55.944485930901585,-3.1849382956778505,SSE,55.94420876704183,-3.184823490648141,1080.1212419254098,1174.5004488027057
55.94420876704183,-3.184823490648141,SE,55.94399663500747,-3.184611358613785,1080.1212419254098,1173.2504488027057
55.94399663500747,-3.184611358613785,SSE,55.943719471147716,-3.1844965535840757,1197.9916196439242,1249.1228679214312
55.943719471147716,-3.1844965535840757,S,55.94341947114771,-3.1844965535840757,1197.9916196439242,1247.8728679214312
55.94341947114771,-3.1844965535840757,SSE,55.94314230728796,-3.184381748554366,1232.4913570496092,1344.5696377605993
55.94314230728796,-3.184381748554366,NW,55.94335443932231,-3.184593880588722,1232.4913570496092,1343.3196377605993
55.94335443932231,-3.184593880588722,NW,55.94356657135667,-3.1848060126230777,1232.4913570496092,1342.0696377605993
55.94356657135667,-3.1848060126230777,NW,55.943778703391025,-3.1850181446574335,1232.4913570496092,1340.8196377605993
55.943778703391025,-3.1850181446574335,NW,55.94399083542538,-3.1852302766917893,1232.4913570496092,1339.5696377605993
55.94399083542538,-3.1852302766917893,NW,55.94420296745974,-3.185442408726145,1232.4913570496092,1338.3196377605993
55.94420296745974,-3.185442408726145,NW,55.944415099494094,-3.185654540760501,1232.4913570496092,1337.0696377605993
55.944415099494094,-3.185654540760501,NW,55.94462723152845,-3.1858666727948566,1232.4913570496092,1335.8196377605993
55.94462723152845,-3.1858666727948566,NW,55.94483936356281,-3.1860788048292124,1232.4913570496092,1334.5696377605993
55.94483936356281,-3.1860788048292124,WNW,55.94495416859252,-3.1863559686889658,1232.4913570496092,1333.3196377605993
55.94495416859252,-3.1863559686889658,NW,55.94516630062687,-3.1865681007233215,1232.4913570496092,1332.0696377605993
55.94516630062687,-3.1865681007233215,WNW,55.94528110565658,-3.186845264583075,1232.4913570496092,1330.8196377605993
55.94528110565658,-3.186845264583075,NW,55.94549323769094,-3.1870573966174307,1232.4913570496092,1329.5696377605993
55.94549323769094,-3.1870573966174307,WNW,55.94560804272065,-3.187334560477184,1232.4913570496092,1328.3196377605993
55.94560804272065,-3.187334560477184,NW,55.945820174755006,-3.18754669251154,1232.4913570496092,1327.0696377605993
55.945820174755006,-3.18754669251154,WNW,55.94593497978472,-3.1878238563712933,1232.4913570496092,1325.8196377605993
55.94593497978472,-3.1878238563712933,NW,55.94614711181907,-3.188035988405649,1249.3796202517456,1414.2075830417932
55.94614711181907,-3.188035988405649,W,55.94614711181907,-3.1883359884056492,1276.3753052339598,1418.696596062309
55.94614711181907,-3.1883359884056492,SSW,55.94586994795932,-3.1884507934353588,1379.032850839816,1497.2092836025192
55.94586994795932,-3.1884507934353588,WSW,55.945755142929606,-3.188727957295112,1379.032850839816,1495.9592836025192
55.945755142929606,-3.188727957295112,SW,55.94554301089525,-3.188940089329468,1379.032850839816,1494.7092836025192
55.94554301089525,-3.188940089329468,SSW,55.94526584703549,-3.1890548943591774,1379.032850839816,1493.4592836025192
55.94526584703549,-3.1890548943591774,SSW,55.94498868317574,-3.189169699388887,1379.032850839816,1492.2092836025192
55.94498868317574,-3.189169699388887,S,55.944688683175734,-3.189169699388887,1486.91423144854,1516.2244695932034
55.944688683175734,-3.189169699388887,W,55.944688683175734,-3.189469699388887,1486.91423144854,1514.9744695932034
55.944688683175734,-3.189469699388887,W,55.944688683175734,-3.1897696993888873,1516.1624750821884,1524.593280298251
55.944688683175734,-3.1897696993888873,W,55.944688683175734,-3.1900696993888875,1516.1624750821884,1523.343280298251
55.944688683175734,-3.1900696993888875,W,55.944688683175734,-3.1903696993888877,1622.0030331722546,1630.1770941996442
55.944688683175734,-3.1903696993888877,WNW,55.944803488205444,-3.190646863248641,1622.0030331722546,1628.9270941996442
55.944803488205444,-3.190646863248641,WNW,55.944918293235155,-3.1909240271083945,1628.4116581233711,1746.8224642696641
55.944918293235155,-3.1909240271083945,SSW,55.9446411293754,-3.191038832138104,1701.21626338431,1747.6429839439127
55.9446411293754,-3.191038832138104,NNE,55.944918293235155,-3.1909240271083945,1701.21626338431,1746.3929839439127
55.944918293235155,-3.1909240271083945,NNE,55.94519545709491,-3.190809222078685,1701.21626338431,1745.1429839439127
55.94519545709491,-3.190809222078685,NNE,55.94547262095467,-3.1906944170489755,1723.306070689253,1778.7166242983906
55.94547262095467,-3.1906944170489755,NNE,55.945749784814424,-3.190579612019266,1723.306070689253,1777.4666242983906
55.945749784814424,-3.190579612019266,ENE,55.945864589844135,-3.1903024481595126,1723.306070689253,1776.2166242983906
55.945864589844135,-3.1903024481595126,NE,55.94607672187849,-3.190090316125157,1825.0265921193475,1892.768267120885
55.94607672187849,-3.190090316125157,WSW,55.94596191684878,-3.19036747998491,1825.0265921193475,1891.518267120885
55.94596191684878,-3.19036747998491,WSW,55.94584711181907,-3.1906446438446636,1825.0265921193475,1890.268267120885
55.94584711181907,-3.1906446438446636,WSW,55.94573230678936,-3.190921807704417,1825.0265921193475,1889.018267120885
55.94573230678936,-3.190921807704417,WSW,55.94561750175965,-3.1911989715641704,1825.0265921193475,1887.768267120885
55.94561750175965,-3.1911989715641704,WSW,55.94550269672994,-3.191476135423924,1825.0265921193475,1886.518267120885
55.94550269672994,-3.191476135423924,WSW,55.94538789170023,-3.1917532992836772,1825.0265921193475,1885.268267120885
55.94538789170023,-3.1917532992836772,WSW,55.94527308667052,-3.1920304631434306,1829.4315883937131,1998.959076007471
55.94527308667052,-3.1920304631434306,SW,55.94506095463616,-3.1922425951777864,1883.689271057398,2039.423764105868
55.94506095463616,-3.1922425951777864,NW,55.94527308667052,-3.192454727212142,1919.0442160533592,2064.410674609652
55.94527308667052,-3.192454727212142,SE,55.94506095463616,-3.1922425951777864,1919.0442160533592,2063.160674609652
55.94506095463616,-3.1922425951777864,SE,55.944848822601806,-3.1920304631434306,1919.0442160533592,2061.910674609652
55.944848822601806,-3.1920304631434306,SE,55.94463669056745,-3.191818331109075,1919.0442160533592,2060.660674609652
55.94463669056745,-3.191818331109075,ENE,55.94475149559716,-3.1915411672493215,1919.0442160533592,2059.410674609652
55.94475149559716,-3.1915411672493215,ESE,55.94463669056745,-3.191264003389568,1919.0442160533592,2058.160674609652
55.94463669056745,-3.191264003389568,SE,55.94442455853309,-3.1910518713552123,1919.0442160533592,2056.910674609652
55.94442455853309,-3.1910518713552123,SE,55.94421242649874,-3.1908397393208565,1919.0442160533592,2055.660674609652
55.94421242649874,-3.1908397393208565,SE,55.94400029446438,-3.1906276072865007,1928.5348502900213,2104.1131891443442
55.94400029446438,-3.1906276072865007,ESE,55.94388548943467,-3.1903504434267473,1928.5348502900213,2102.8631891443442
55.94388548943467,-3.1903504434267473,ESE,55.94377068440496,-3.190073279566994,1928.5348502900213,2101.6131891443442
55.94377068440496,-3.190073279566994,E,55.94377068440496,-3.1897732795669937,1997.0527130589085,2120.5673428409473
55.94377068440496,-3.1897732795669937,SSW,55.9434935205452,-3.1898880845967033,1997.0527130589085,2119.3173428409473
55.9434935205452,-3.1898880845967033,SSW,55.94321635668545,-3.1900028896264128,1997.0527130589085,2118.0673428409473
55.94321635668545,-3.1900028896264128,SSW,55.94293919282569,-3.1901176946561223,1997.0527130589085,2116.8173428409473
55.94293919282569,-3.1901176946561223,SSW,55.942662028965934,-3.190232499685832,2012.089072612927,2168.966693311261
55.942662028965934,-3.190232499685832,W,55.942662028965934,-3.190532499685832,2012.089072612927,2167.716693311261
55.942662028965934,-3.190532499685832,W,55.942662028965934,-3.190832499685832,2012.089072612927,2166.466693311261
55.942662028965934,-3.190832499685832,W,55.942662028965934,-3.1911324996858323,2039.8832280278748,2260.789504794376
55.942662028965934,-3.1911324996858323,W,55.942662028965934,-3.1914324996858325,2039.8832280278748,2259.539504794376
55.942662028965934,-3.1914324996858325,W,55.942662028965934,-3.1917324996858327,2039.8832280278748,2258.289504794376
55.942662028965934,-3.1917324996858327,W,55.942662028965934,-3.192032499685833,2136.1936814546193,2346.6781204096433
