55.944425,-3.188396,N,55.944725000000005,-3.188396,68.65530261674546,332.6757758792565
55.944725000000005,-3.188396,NW,55.94493713203436,-3.188608132034356,68.65530261674546,331.4257758792565
55.94493713203436,-3.188608132034356,NW,55.94514926406872,-3.1888202640687116,150.82163145528978,373.11094020944665
55.94514926406872,-3.1888202640687116,SSE,55.94487210020896,-3.188705459039002,150.82163145528978,371.86094020944665
55.94487210020896,-3.188705459039002,SSE,55.944594936349205,-3.1885906540092925,150.82163145528978,370.61094020944665
55.944594936349205,-3.1885906540092925,SSE,55.94431777248945,-3.188475848979583,150.82163145528978,369.36094020944665
55.94431777248945,-3.188475848979583,SSE,55.94404060862969,-3.1883610439498735,150.82163145528978,368.11094020944665
55.94404060862969,-3.1883610439498735,SE,55.943828476595336,-3.1881489119155177,257.3121568746549,401.81967966044095
55.943828476595336,-3.1881489119155177,ESE,55.943713671565625,-3.1878717480557643,257.3121568746549,400.56967966044095
55.943713671565625,-3.1878717480557643,ESE,55.943598866535915,-3.187594584196011,334.99157628291704,420.3504877010357
55.943598866535915,-3.187594584196011,ESE,55.943484061506204,-3.1873174203362575,391.79167974745206,469.97686793161387
55.943484061506204,-3.1873174203362575,E,55.943484061506204,-3.1870174203362573,391.79167974745206,468.72686793161387
55.943484061506204,-3.1870174203362573,E,55.943484061506204,-3.186717420336257,481.8166333151913,550.0949403388101
55.943484061506204,-3.186717420336257,NNE,55.94376122536596,-3.1866026153065476,587.1738085107048,556.3078540867716
55.94376122536596,-3.1866026153065476,WNW,55.94387603039567,-3.186879779166301,684.2190438755055,644.5199737472346
55.94387603039567,-3.186879779166301,N,55.944176030395674,-3.186879779166301,803.2060616945353,679.9081338623633
55.944176030395674,-3.186879779166301,SE,55.94396389836132,-3.1866676471319453,803.2060616945353,678.6581338623633
55.94396389836132,-3.1866676471319453,SE,55.94375176632696,-3.1864555150975895,803.2060616945353,677.4081338623633
55.94375176632696,-3.1864555150975895,SE,55.943539634292605,-3.1862433830632337,920.4412473533899,790.3022667860606
55.943539634292605,-3.1862433830632337,ENE,55.943654439322316,-3.1859662192034803,920.4412473533899,789.0522667860606
55.943654439322316,-3.1859662192034803,NE,55.94386657135667,-3.1857540871691246,956.1602628561775,842.0976005118594
55.94386657135667,-3.1857540871691246,N,55.944166571356675,-3.1857540871691246,956.1602628561775,840.8476005118594
55.944166571356675,-3.1857540871691246,N,55.94446657135668,-3.1857540871691246,966.2243890271272,922.0639184752138
55.94446657135668,-3.1857540871691246,N,55.94476657135668,-3.1857540871691246,966.2243890271272,920.8139184752138
55.94476657135668,-3.1857540871691246,N,55.94506657135668,-3.1857540871691246,1049.5258095338752,1040.6926515380717
55.94506657135668,-3.1857540871691246,N,55.945366571356686,-3.1857540871691246,1049.5258095338752,1039.4426515380717
55.945366571356686,-3.1857540871691246,N,55.94566657135669,-3.1857540871691246,1105.3128770679039,1110.2701233871144
55.94566657135669,-3.1857540871691246,NNW,55.945943735216446,-3.185868892198834,1149.4471727665336,1187.5345935982086
55.945943735216446,-3.185868892198834,WSW,55.945828930186735,-3.1861460560585875,1149.4471727665336,1186.2845935982086
55.945828930186735,-3.1861460560585875,WNW,55.945943735216446,-3.186423219918341,1149.4471727665336,1185.0345935982086
55.945943735216446,-3.186423219918341,W,55.945943735216446,-3.186723219918341,1266.1078269149568,1215.0960386908596
55.945943735216446,-3.186723219918341,SSW,55.94566657135669,-3.1868380249480506,1321.3480954120473,1278.2788820665405
55.94566657135669,-3.1868380249480506,S,55.945366571356686,-3.1868380249480506,1430.7655639956076,1373.646588282258
55.945366571356686,-3.1868380249480506,ESE,55.945251766326976,-3.186560861088297,1430.7655639956076,1372.396588282258
55.945251766326976,-3.186560861088297,ESE,55.945136961297266,-3.1862836972285438,1430.7655639956076,1371.146588282258
55.945136961297266,-3.1862836972285438,ESE,55.945022156267555,-3.1860065333687904,1430.7655639956076,1369.896588282258
55.945022156267555,-3.1860065333687904,ESE,55.944907351237845,-3.185729369509037,1430.7655639956076,1368.646588282258
55.944907351237845,-3.185729369509037,E,55.944907351237845,-3.1854293695090368,1430.7655639956076,1367.396588282258
55.944907351237845,-3.1854293695090368,ESE,55.944792546208134,-3.1851522056492834,1430.7655639956076,1366.146588282258
55.944792546208134,-3.1851522056492834,E,55.944792546208134,-3.184852205649283,1468.887423367883,1403.4139999905497
55.944792546208134,-3.184852205649283,ESE,55.944677741178424,-3.1845750417895298,1493.8360352672946,1446.719877121347
55.944677741178424,-3.1845750417895298,SW,55.94446560914407,-3.1847871738238855,1493.8360352672946,1445.469877121347
55.94446560914407,-3.1847871738238855,SW,55.94425347710971,-3.1849993058582413,1493.8360352672946,1444.219877121347
55.94425347710971,-3.1849993058582413,SW,55.944041345075355,-3.185211437892597,1493.8360352672946,1442.969877121347
55.944041345075355,-3.185211437892597,SW,55.943829213041,-3.185423569926953,1493.8360352672946,1441.719877121347
55.943829213041,-3.185423569926953,SW,55.94361708100664,-3.1856357019613086,1493.8360352672946,1440.469877121347
55.94361708100664,-3.1856357019613086,SW,55.94340494897229,-3.1858478339956644,1493.8360352672946,1439.219877121347
55.94340494897229,-3.1858478339956644,SW,55.94319281693793,-3.18605996603002,1493.8360352672946,1437.969877121347
55.94319281693793,-3.18605996603002,WSW,55.94307801190822,-3.1863371298897736,1493.8360352672946,1436.719877121347
55.94307801190822,-3.1863371298897736,SW,55.942865879873864,-3.1865492619241294,1493.8360352672946,1435.469877121347
55.942865879873864,-3.1865492619241294,WSW,55.94275107484415,-3.1868264257838828,1517.9183484720015,1552.9681910124734
55.94275107484415,-3.1868264257838828,WSW,55.94263626981444,-3.187103589643636,1539.3107744058786,1671.9254817863184
55.94263626981444,-3.187103589643636,W,55.94263626981444,-3.1874035896436363,1539.3107744058786,1670.6754817863184
55.94263626981444,-3.1874035896436363,W,55.94263626981444,-3.1877035896436365,1539.3107744058786,1669.4254817863184
55.94263626981444,-3.1877035896436365,W,55.94263626981444,-3.1880035896436367,1539.3107744058786,1668.1754817863184
55.94263626981444,-3.1880035896436367,W,55.94263626981444,-3.188303589643637,1539.3107744058786,1666.9254817863184
55.94263626981444,-3.188303589643637,WNW,55.94275107484415,-3.1885807535033903,1539.3107744058786,1665.6754817863184
55.94275107484415,-3.1885807535033903,W,55.94275107484415,-3.1888807535033905,1539.3107744058786,1664.4254817863184
55.94275107484415,-3.1888807535033905,WNW,55.942865879873864,-3.189157917363144,1546.728877893763,1785.1469515294184
55.942865879873864,-3.189157917363144,W,55.942865879873864,-3.189457917363144,1546.728877893763,1783.8969515294184
55.942865879873864,-3.189457917363144,WNW,55.942980684903574,-3.1897350812228975,1546.728877893763,1782.6469515294184
55.942980684903574,-3.1897350812228975,WNW,55.943095489933285,-3.190012245082651,1546.728877893763,1781.3969515294184
55.943095489933285,-3.190012245082651,NW,55.94330762196764,-3.1902243771170067,1585.1076520757986,1798.5387674095775
55.94330762196764,-3.1902243771170067,N,55.943607621967644,-3.1902243771170067,1585.1076520757986,1797.2887674095775
55.943607621967644,-3.1902243771170067,N,55.94390762196765,-3.1902243771170067,1585.1076520757986,1796.0387674095775
55.94390762196765,-3.1902243771170067,NNW,55.9441847858274,-3.190339182146716,1585.1076520757986,1794.7887674095775
55.9441847858274,-3.190339182146716,N,55.944484785827406,-3.190339182146716,1585.1076520757986,1793.5387674095775
55.944484785827406,-3.190339182146716,NNW,55.94476194968716,-3.1904539871764257,1585.1076520757986,1792.2887674095775
55.94476194968716,-3.1904539871764257,N,55.945061949687165,-3.1904539871764257,1654.3632000482278,1852.7397088293872
55.945061949687165,-3.1904539871764257,WNW,55.945176754716876,-3.190731151036179,1654.3632000482278,1851.4897088293872
55.945176754716876,-3.190731151036179,W,55.945176754716876,-3.1910311510361793,1709.2261242144189,1945.5548701037267
55.945176754716876,-3.1910311510361793,WSW,55.945061949687165,-3.1913083148959327,1709.2261242144189,1944.3048701037267
55.945061949687165,-3.1913083148959327,WSW,55.944947144657455,-3.191585478755686,1729.2959715469478,2027.1992167490168
55.944947144657455,-3.191585478755686,SSW,55.9446699807977,-3.1917002837853956,1729.2959715469478,2025.9492167490168
55.9446699807977,-3.1917002837853956,SSW,55.94439281693794,-3.191815088815105,1729.2959715469478,2024.6992167490168
55.94439281693794,-3.191815088815105,SSW,55.944115653078185,-3.1919298938448146,1729.2959715469478,2023.4492167490168
55.944115653078185,-3.1919298938448146,SSW,55.94383848921843,-3.192044698874524,1779.8490141763446,2109.118050119583
55.94383848921843,-3.192044698874524,W,55.94383848921843,-3.1923446988745243,1877.1597376080088,2228.374431743959
