55.944425,-3.188396,NNE,55.94470216385976,-3.1882811949702905,0.0,248.75
55.94470216385976,-3.1882811949702905,NNE,55.944979327719516,-3.188166389940581,0.0,247.5
55.944979327719516,-3.188166389940581,NNE,55.94525649157927,-3.1880515849108715,16.996699199145787,315.4966556722804
55.94525649157927,-3.1880515849108715,NNW,55.94553365543903,-3.188166389940581,80.25098138505801,353.24719502574834
55.94553365543903,-3.188166389940581,W,55.94553365543903,-3.188466389940581,80.25098138505801,351.99719502574834
55.94553365543903,-3.188466389940581,WNW,55.94564846046874,-3.1887435538003346,155.5492792612332,419.2195735793431
55.94564846046874,-3.1887435538003346,WNW,55.94576326549845,-3.189020717660088,155.5492792612332,417.9695735793431
55.94576326549845,-3.189020717660088,WNW,55.94587807052816,-3.1892978815198414,242.35088207798498,498.03514569403984
55.94587807052816,-3.1892978815198414,SSW,55.9456009066684,-3.189412686549551,242.35088207798498,496.78514569403984
55.9456009066684,-3.189412686549551,SSW,55.94532374280865,-3.1895274915792604,242.35088207798498,495.53514569403984
55.94532374280865,-3.1895274915792604,SW,55.94511161077429,-3.189739623613616,242.35088207798498,494.28514569403984
55.94511161077429,-3.189739623613616,SSW,55.944834446914534,-3.1898544286433257,339.8351369501244,552.572454315265
55.944834446914534,-3.1898544286433257,WNW,55.944949251944244,-3.190131592503079,339.8351369501244,551.322454315265
55.944949251944244,-3.190131592503079,WNW,55.945064056973955,-3.1904087563628325,339.8351369501244,550.072454315265
55.945064056973955,-3.1904087563628325,NW,55.94527618900831,-3.1906208883971883,342.33399991052505,587.0213882063632
55.94527618900831,-3.1906208883971883,WSW,55.9451613839786,-3.1908980522569417,342.33399991052505,585.7713882063632
55.9451613839786,-3.1908980522569417,WSW,55.94504657894889,-3.191175216116695,342.33399991052505,584.5213882063632
55.94504657894889,-3.191175216116695,SW,55.944834446914534,-3.191387348151051,388.3482747043827,690.9889552679668
55.944834446914534,-3.191387348151051,WSW,55.944719641884824,-3.1916645120108043,388.3482747043827,689.7389552679668
55.944719641884824,-3.1916645120108043,SW,55.94450750985047,-3.19187664404516,388.3482747043827,688.4889552679668
55.94450750985047,-3.19187664404516,WSW,55.94439270482076,-3.1921538079049134,435.670242919579,756.1992153502609
55.94439270482076,-3.1921538079049134,SSW,55.944115540961,-3.192268612934623,546.8518651614424,811.1084750624306
55.944115540961,-3.192268612934623,SE,55.943903408926644,-3.192056480900267,546.8518651614424,809.8584750624306
55.943903408926644,-3.192056480900267,SE,55.94369127689229,-3.1918443488659114,546.8518651614424,808.6084750624306
55.94369127689229,-3.1918443488659114,SSE,55.94341411303253,-3.191729543836202,553.9711749028698,818.2312123088059
55.94341411303253,-3.191729543836202,E,55.94341411303253,-3.1914295438362017,553.9711749028698,816.9812123088059
55.94341411303253,-3.1914295438362017,ESE,55.94329930800282,-3.1911523799764483,583.3280367982159,921.2504372798214
55.94329930800282,-3.1911523799764483,E,55.94329930800282,-3.190852379976448,583.3280367982159,920.0004372798214
55.94329930800282,-3.190852379976448,ESE,55.94318450297311,-3.1905752161166947,583.3280367982159,918.7504372798214
55.94318450297311,-3.1905752161166947,ESE,55.9430696979434,-3.1902980522569413,601.3733809466864,1012.7272656989543
55.9430696979434,-3.1902980522569413,NE,55.94328182997776,-3.1900859202225855,640.7135691664284,1036.4944930436873
55.94328182997776,-3.1900859202225855,NE,55.94349396201211,-3.1898737881882298,640.7135691664284,1035.2444930436873
55.94349396201211,-3.1898737881882298,NE,55.94370609404647,-3.189661656153874,723.9929659050546,1142.4198103900133
55.94370609404647,-3.189661656153874,SSE,55.94342893018671,-3.1895468511241645,723.9929659050546,1141.1698103900133
55.94342893018671,-3.1895468511241645,SSE,55.943151766326956,-3.189432046094455,847.8791048304427,1192.8900598382174
55.943151766326956,-3.189432046094455,S,55.94285176632695,-3.189432046094455,847.8791048304427,1191.6400598382174
55.94285176632695,-3.189432046094455,SW,55.9426396342926,-3.1896441781288107,932.3247496420853,1236.2848853281698
55.9426396342926,-3.1896441781288107,ENE,55.94275443932231,-3.1893670142690573,932.3247496420853,1235.0348853281698
55.94275443932231,-3.1893670142690573,ENE,55.94286924435202,-3.189089850409304,932.3247496420853,1233.7848853281698
55.94286924435202,-3.189089850409304,ENE,55.94298404938173,-3.1888126865495505,932.3247496420853,1232.5348853281698
55.94298404938173,-3.1888126865495505,E,55.94298404938173,-3.1885126865495503,932.3247496420853,1231.2848853281698
55.94298404938173,-3.1885126865495503,ENE,55.94309885441144,-3.188235522689797,932.3247496420853,1230.0348853281698
55.94309885441144,-3.188235522689797,E,55.94309885441144,-3.1879355226897967,932.3247496420853,1228.7848853281698
55.94309885441144,-3.1879355226897967,ENE,55.94321365944115,-3.1876583588300433,932.3247496420853,1227.5348853281698
55.94321365944115,-3.1876583588300433,E,55.94321365944115,-3.187358358830043,1019.5911121500615,1259.9648232704521
55.94321365944115,-3.187358358830043,ENE,55.94332846447086,-3.1870811949702897,1019.5911121500615,1258.7148232704521
55.94332846447086,-3.1870811949702897,ENE,55.94344326950057,-3.1868040311105363,1141.1899400781347,1363.1661932249485
55.94344326950057,-3.1868040311105363,NNW,55.943720433360326,-3.186918836140246,1141.1899400781347,1361.9161932249485
55.943720433360326,-3.186918836140246,NW,55.94393256539468,-3.1871309681746016,1199.7771299173364,1414.4026890743235
55.94393256539468,-3.1871309681746016,NNE,55.94420972925444,-3.187016163144892,1199.7771299173364,1413.1526890743235
55.94420972925444,-3.187016163144892,N,55.94450972925444,-3.187016163144892,1231.5155932896585,1479.2215770936596
55.94450972925444,-3.187016163144892,ENE,55.94462453428415,-3.1867389992851387,1325.6129034075177,1598.8780503652417
55.94462453428415,-3.1867389992851387,E,55.94462453428415,-3.1864389992851385,1325.6129034075177,1597.6280503652417
55.94462453428415,-3.1864389992851385,SE,55.944412402249796,-3.1862268672507827,1417.244654624183,1679.8667286132484
55.944412402249796,-3.1862268672507827,NE,55.94462453428415,-3.186014735216427,1449.9999340826078,1688.9942118365332
55.94462453428415,-3.186014735216427,SSE,55.944347370424396,-3.1858999301867175,1449.9999340826078,1687.7442118365332
55.944347370424396,-3.1858999301867175,ESE,55.944232565394685,-3.185622766326964,1449.9999340826078,1686.4942118365332
55.944232565394685,-3.185622766326964,ESE,55.944117760364975,-3.1853456024672107,1529.7626123996745,1772.5768927036843
55.944117760364975,-3.1853456024672107,SE,55.94390562833062,-3.185133470432855,1600.5333941716378,1869.9483690630059
55.94390562833062,-3.185133470432855,WSW,55.94379082330091,-3.1854106342926083,1600.5333941716378,1868.6983690630059
55.94379082330091,-3.1854106342926083,WSW,55.9436760182712,-3.1856877981523617,1600.5333941716378,1867.4483690630059
55.9436760182712,-3.1856877981523617,WSW,55.94356121324149,-3.185964962012115,1638.1118752503967,1918.9161049663373
55.94356121324149,-3.185964962012115,ESE,55.94344640821178,-3.1856877981523617,1638.1118752503967,1917.6661049663373
55.94344640821178,-3.1856877981523617,ESE,55.94333160318207,-3.1854106342926083,1638.1118752503967,1916.4161049663373
55.94333160318207,-3.1854106342926083,ESE,55.943216798152356,-3.185133470432855,1638.1118752503967,1915.1661049663373
55.943216798152356,-3.185133470432855,SE,55.943004666118,-3.184921338398499,1638.1118752503967,1913.9161049663373
55.943004666118,-3.184921338398499,ESE,55.94288986108829,-3.1846441745387457,1686.9232602757625,1965.9571988631087
55.94288986108829,-3.1846441745387457,NNW,55.943167024948046,-3.184758979568455,1686.9232602757625,1964.7071988631087
55.943167024948046,-3.184758979568455,NW,55.9433791569824,-3.184971111602811,1686.9232602757625,1963.4571988631087
55.9433791569824,-3.184971111602811,NNW,55.94365632084216,-3.1850859166325205,1686.9232602757625,1962.2071988631087
55.94365632084216,-3.1850859166325205,NNE,55.943933484701915,-3.184971111602811,1686.9232602757625,1960.9571988631087
55.943933484701915,-3.184971111602811,NNE,55.94421064856167,-3.1848563065731015,1686.9232602757625,1959.7071988631087
55.94421064856167,-3.1848563065731015,ENE,55.94432545359138,-3.184579142713348,1686.9232602757625,1958.4571988631087
55.94432545359138,-3.184579142713348,NNE,55.94460261745114,-3.1844643376836386,1686.9232602757625,1957.2071988631087
55.94460261745114,-3.1844643376836386,N,55.94490261745114,-3.1844643376836386,1686.9232602757625,1955.9571988631087
55.94490261745114,-3.1844643376836386,N,55.945202617451145,-3.1844643376836386,1686.9232602757625,1954.7071988631087
55.945202617451145,-3.1844643376836386,NNW,55.9454797813109,-3.184579142713348,1797.5896752500535,1996.2601762871107
55.9454797813109,-3.184579142713348,NW,55.94569191334526,-3.184791274747704,1807.1058324429584,2035.8454862850804
55.94569191334526,-3.184791274747704,W,55.94569191334526,-3.185091274747704,1807.1058324429584,2034.5954862850804
55.94569191334526,-3.185091274747704,W,55.94569191334526,-3.1853912747477042,1807.1058324429584,2033.3454862850804
55.94569191334526,-3.1853912747477042,W,55.94569191334526,-3.1856912747477044,1922.357753619063,2074.591890374978
55.94569191334526,-3.1856912747477044,W,55.94569191334526,-3.1859912747477046,1922.357753619063,2073.341890374978
55.94569191334526,-3.1859912747477046,WNW,55.94580671837497,-3.186268438607458,1922.357753619063,2072.091890374978
55.94580671837497,-3.186268438607458,W,55.94580671837497,-3.186568438607458,1922.357753619063,2070.841890374978
55.94580671837497,-3.186568438607458,W,55.94580671837497,-3.1868684386074584,1922.357753619063,2069.591890374978
55.94580671837497,-3.1868684386074584,W,55.94580671837497,-3.1871684386074586,1922.357753619063,2068.341890374978
55.94580671837497,-3.1871684386074586,W,55.94580671837497,-3.1874684386074588,1922.357753619063,2067.091890374978
55.94580671837497,-3.1874684386074588,W,55.94580671837497,-3.187768438607459,1922.357753619063,2065.841890374978
55.94580671837497,-3.187768438607459,W,55.94580671837497,-3.188068438607459,1922.357753619063,2064.591890374978
55.94580671837497,-3.188068438607459,W,55.94580671837497,-3.1883684386074593,1922.357753619063,2063.341890374978
55.94580671837497,-3.1883684386074593,W,55.94580671837497,-3.1886684386074595,1922.357753619063,2062.091890374978
55.94580671837497,-3.1886684386074595,W,55.94580671837497,-3.1889684386074597,1922.357753619063,2060.841890374978
55.94580671837497,-3.1889684386074597,W,55.94580671837497,-3.18926843860746,1922.357753619063,2059.591890374978
55.94580671837497,-3.18926843860746,W,55.94580671837497,-3.18956843860746,1922.357753619063,2058.341890374978
55.94580671837497,-3.18956843860746,W,55.94580671837497,-3.1898684386074603,1922.357753619063,2057.091890374978
55.94580671837497,-3.1898684386074603,W,55.94580671837497,-3.1901684386074605,1922.357753619063,2055.841890374978
55.94580671837497,-3.1901684386074605,W,55.94580671837497,-3.1904684386074607,1922.357753619063,2054.591890374978
55.94580671837497,-3.1904684386074607,WNW,55.94592152340468,-3.190745602467214,1922.357753619063,2053.341890374978
55.94592152340468,-3.190745602467214,W,55.94592152340468,-3.1910456024672142,1991.6890187979755,2168.0909277198457
55.94592152340468,-3.1910456024672142,WSW,55.94580671837497,-3.1913227663269677,1991.6890187979755,2166.8409277198457
55.94580671837497,-3.1913227663269677,W,55.94580671837497,-3.191622766326968,1991.6890187979755,2165.5909277198457
55.94580671837497,-3.191622766326968,WSW,55.94569191334526,-3.1918999301867212,2102.847856898455,2195.6628793772516
55.94569191334526,-3.1918999301867212,S,55.945391913345254,-3.1918999301867212,2102.847856898455,2194.4128793772516
55.945391913345254,-3.1918999301867212,SSW,55.9451147494855,-3.1920147352164308,2102.847856898455,2193.1628793772516
55.9451147494855,-3.1920147352164308,S,55.944814749485495,-3.1920147352164308,2102.847856898455,2191.9128793772516
55.944814749485495,-3.1920147352164308,S,55.94451474948549,-3.1920147352164308,2102.847856898455,2190.6628793772516
55.94451474948549,-3.1920147352164308,S,55.94421474948549,-3.1920147352164308,2102.847856898455,2189.4128793772516
55.94421474948549,-3.1920147352164308,S,55.94391474948549,-3.1920147352164308,2102.847856898455,2188.1628793772516
55.94391474948549,-3.1920147352164308,SSW,55.94363758562573,-3.1921295402461403,2102.847856898455,2186.9128793772516
55.94363758562573,-3.1921295402461403,S,55.94333758562573,-3.1921295402461403,2102.847856898455,2185.6628793772516
55.94333758562573,-3.1921295402461403,SSW,55.94306042176597,-3.1922443452758498,2102.847856898455,2184.4128793772516
55.94306042176597,-3.1922443452758498,S,55.94276042176597,-3.1922443452758498,2139.271055985824,2261.8796139687934
