55.944425,-3.188396,WNW,55.94453980502971,-3.1886731638597534,0.0,248.75
55.94453980502971,-3.1886731638597534,WNW,55.94465461005942,-3.188950327719507,30.592527874411953,332.0663570637372
55.94465461005942,-3.188950327719507,ENE,55.944769415089134,-3.1886731638597534,30.592527874411953,330.8163570637372
55.944769415089134,-3.1886731638597534,NNE,55.94504657894889,-3.188558358830044,30.592527874411953,329.5663570637372
55.94504657894889,-3.188558358830044,ESE,55.94493177391918,-3.1882811949702905,137.39199955211407,401.69025365882703
55.94493177391918,-3.1882811949702905,NW,55.945143905953536,-3.1884933270046463,137.39199955211407,400.44025365882703
55.945143905953536,-3.1884933270046463,NW,55.94535603798789,-3.188705459039002,137.39199955211407,399.19025365882703
55.94535603798789,-3.188705459039002,NW,55.94556817002225,-3.188917591073358,170.71291347218647,422.5137459859495
55.94556817002225,-3.188917591073358,NNW,55.945845333882005,-3.1890323961030673,216.26667280999996,422.1682119902565
55.945845333882005,-3.1890323961030673,WSW,55.945730528852295,-3.1893095599628207,257.7762819816285,459.10691585837094
55.945730528852295,-3.1893095599628207,W,55.945730528852295,-3.189609559962821,257.7762819816285,457.85691585837094
55.945730528852295,-3.189609559962821,WNW,55.945845333882005,-3.1898867238225743,257.7762819816285,456.60691585837094
55.945845333882005,-3.1898867238225743,W,55.945845333882005,-3.1901867238225745,259.6146036213011,484.9312635074749
55.945845333882005,-3.1901867238225745,SW,55.94563320184765,-3.1903988558569303,259.6146036213011,483.6812635074749
55.94563320184765,-3.1903988558569303,SW,55.94542106981329,-3.190610987891286,326.98583864169115,566.9923316157176
55.94542106981329,-3.190610987891286,NW,55.94563320184765,-3.190823119925642,360.4561399232144,646.3154057197609
55.94563320184765,-3.190823119925642,NW,55.945845333882005,-3.1910352519599976,360.4561399232144,645.0654057197609
55.945845333882005,-3.1910352519599976,NW,55.94605746591636,-3.1912473839943534,410.7496841304337,768.5449983382193
55.94605746591636,-3.1912473839943534,WSW,55.94594266088665,-3.1915245478541068,410.7496841304337,767.2949983382193
55.94594266088665,-3.1915245478541068,WSW,55.94582785585694,-3.19180171171386,410.7496841304337,766.0449983382193
55.94582785585694,-3.19180171171386,WSW,55.94571305082723,-3.1920788755736136,448.33604973502935,791.7391883486381
55.94571305082723,-3.1920788755736136,SSW,55.94543588696747,-3.192193680603323,448.33604973502935,790.4891883486381
55.94543588696747,-3.192193680603323,WSW,55.94532108193776,-3.1924708444630765,448.33604973502935,789.2391883486381
55.94532108193776,-3.1924708444630765,SSE,55.94504391807801,-3.192356039433367,506.270729313052,894.293704643525
55.94504391807801,-3.192356039433367,S,55.944743918078004,-3.192356039433367,506.270729313052,893.043704643525
55.944743918078004,-3.192356039433367,E,55.944743918078004,-3.192056039433367,506.270729313052,891.793704643525
55.944743918078004,-3.192056039433367,W,55.944743918078004,-3.192356039433367,506.270729313052,890.543704643525
55.944743918078004,-3.192356039433367,E,55.944743918078004,-3.192056039433367,506.270729313052,889.293704643525
55.944743918078004,-3.192056039433367,WNW,55.944858723107714,-3.19233320329312,506.270729313052,888.043704643525
55.944858723107714,-3.19233320329312,E,55.944858723107714,-3.19203320329312,506.270729313052,886.793704643525
55.944858723107714,-3.19203320329312,WSW,55.944743918078004,-3.1923103671528734,506.270729313052,885.543704643525
55.944743918078004,-3.1923103671528734,E,55.944743918078004,-3.1920103671528732,506.270729313052,884.293704643525
55.944743918078004,-3.1920103671528732,W,55.944743918078004,-3.1923103671528734,506.270729313052,883.043704643525
55.944743918078004,-3.1923103671528734,E,55.944743918078004,-3.1920103671528732,506.270729313052,881.793704643525
55.944743918078004,-3.1920103671528732,ESE,55.94462911304829,-3.19173320329312,506.270729313052,880.543704643525
55.94462911304829,-3.19173320329312,S,55.94432911304829,-3.19173320329312,506.270729313052,879.293704643525
55.94432911304829,-3.19173320329312,WSW,55.94421430801858,-3.1920103671528732,506.270729313052,878.043704643525
55.94421430801858,-3.1920103671528732,WSW,55.94409950298887,-3.1922875310126266,566.2997883080477,992.840325952038
55.94409950298887,-3.1922875310126266,SSE,55.94382233912911,-3.192172725982917,566.2997883080477,991.590325952038
55.94382233912911,-3.192172725982917,S,55.94352233912911,-3.192172725982917,566.2997883080477,990.340325952038
55.94352233912911,-3.192172725982917,SE,55.943310207094754,-3.1919605939485614,566.4770836097176,1091.3982875580273
55.943310207094754,-3.1919605939485614,ESE,55.943195402065044,-3.191683430088808,566.4770836097176,1090.1482875580273
55.943195402065044,-3.191683430088808,ESE,55.94308059703533,-3.1914062662290545,566.4770836097176,1088.8982875580273
55.94308059703533,-3.1914062662290545,SE,55.94286846500098,-3.1911941341946988,566.4770836097176,1087.6482875580273
55.94286846500098,-3.1911941341946988,ESE,55.94275365997127,-3.1909169703349454,660.9107187207351,1119.0330127952311
55.94275365997127,-3.1909169703349454,NNE,55.94303082383102,-3.190802165305236,660.9107187207351,1117.7830127952311
55.94303082383102,-3.190802165305236,ENE,55.943145628860734,-3.1905250014454825,699.3787858956218,1205.1495967975432
55.943145628860734,-3.1905250014454825,E,55.943145628860734,-3.1902250014454823,765.133825876473,1209.5807525901057
55.943145628860734,-3.1902250014454823,ESE,55.94303082383102,-3.189947837585729,879.5684536060448,1287.774359153651
55.94303082383102,-3.189947837585729,SE,55.94281869179667,-3.189735705551373,879.5684536060448,1286.524359153651
55.94281869179667,-3.189735705551373,ESE,55.94270388676696,-3.1894585416916197,954.914370864647,1393.721757150618
55.94270388676696,-3.1894585416916197,NE,55.94291601880131,-3.189246409657264,1062.0979717372752,1440.360128881381
55.94291601880131,-3.189246409657264,NE,55.94312815083567,-3.189034277622908,1062.0979717372752,1439.110128881381
55.94312815083567,-3.189034277622908,ENE,55.94324295586538,-3.1887571137631547,1062.0979717372752,1437.860128881381
55.94324295586538,-3.1887571137631547,NE,55.943455087899736,-3.188544981728799,1062.0979717372752,1436.610128881381
55.943455087899736,-3.188544981728799,ENE,55.943569892929446,-3.1882678178690456,1062.0979717372752,1435.360128881381
55.943569892929446,-3.1882678178690456,NE,55.9437820249638,-3.18805568583469,1062.0979717372752,1434.110128881381
55.9437820249638,-3.18805568583469,ENE,55.94389682999351,-3.1877785219749364,1062.0979717372752,1432.860128881381
55.94389682999351,-3.1877785219749364,NE,55.94410896202787,-3.1875663899405806,1089.0912484494406,1475.2414317133841
55.94410896202787,-3.1875663899405806,N,55.94440896202787,-3.1875663899405806,1089.0912484494406,1473.9914317133841
55.94440896202787,-3.1875663899405806,NNE,55.94468612588763,-3.187451584910871,1089.0912484494406,1472.7414317133841
55.94468612588763,-3.187451584910871,N,55.94498612588763,-3.187451584910871,1108.8539422764013,1535.7154977180196
55.94498612588763,-3.187451584910871,NE,55.94519825792199,-3.1872394528765153,1108.8539422764013,1534.4654977180196
55.94519825792199,-3.1872394528765153,ENE,55.9453130629517,-3.186962289016762,1108.8539422764013,1533.2154977180196
55.9453130629517,-3.186962289016762,NE,55.945525194986054,-3.186750156982406,1108.8539422764013,1531.9654977180196
55.945525194986054,-3.186750156982406,ENE,55.945640000015764,-3.1864729931226528,1163.24618221412,1616.522253529336
55.945640000015764,-3.1864729931226528,NNW,55.94591716387552,-3.1865877981523623,1163.24618221412,1615.272253529336
55.94591716387552,-3.1865877981523623,NW,55.94612929590988,-3.186799930186718,1205.9929176731873,1685.669553174159
55.94612929590988,-3.186799930186718,SE,55.94591716387552,-3.1865877981523623,1205.9929176731873,1684.419553174159
55.94591716387552,-3.1865877981523623,E,55.94591716387552,-3.186287798152362,1205.9929176731873,1683.169553174159
55.94591716387552,-3.186287798152362,E,55.94591716387552,-3.185987798152362,1205.9929176731873,1681.919553174159
55.94591716387552,-3.185987798152362,E,55.94591716387552,-3.1856877981523617,1313.488183269433,1777.7444830438499
55.94591716387552,-3.1856877981523617,S,55.94561716387552,-3.1856877981523617,1313.488183269433,1776.4944830438499
55.94561716387552,-3.1856877981523617,S,55.945317163875515,-3.1856877981523617,1313.488183269433,1775.2444830438499
55.945317163875515,-3.1856877981523617,SSW,55.94504000001576,-3.185802603182071,1313.488183269433,1773.9944830438499
55.94504000001576,-3.185802603182071,S,55.944740000015756,-3.185802603182071,1397.5133323563869,1806.5266035241623
55.944740000015756,-3.185802603182071,S,55.94444000001575,-3.185802603182071,1433.4563813473749,1863.8204638815382
55.94444000001575,-3.185802603182071,S,55.94414000001575,-3.185802603182071,1530.5058589219752,1982.1411879402776
55.94414000001575,-3.185802603182071,S,55.94384000001575,-3.185802603182071,1530.5058589219752,1980.8911879402776
55.94384000001575,-3.185802603182071,S,55.943540000015744,-3.185802603182071,1543.0844493619059,2087.9268487441345
55.943540000015744,-3.185802603182071,WNW,55.943654805045455,-3.1860797670418246,1543.0844493619059,2086.6768487441345
55.943654805045455,-3.1860797670418246,W,55.943654805045455,-3.186379767041825,1597.6093012209008,2193.581706429082
55.943654805045455,-3.186379767041825,NNW,55.94393196890521,-3.1864945720715343,1693.5999158374336,2315.2022586998055
55.94393196890521,-3.1864945720715343,ENE,55.94404677393492,-3.186217408211781,1693.5999158374336,2313.9522586998055
55.94404677393492,-3.186217408211781,ENE,55.94416157896463,-3.1859402443520275,1693.5999158374336,2312.7022586998055
55.94416157896463,-3.1859402443520275,E,55.94416157896463,-3.1856402443520273,1693.5999158374336,2311.4522586998055
55.94416157896463,-3.1856402443520273,ENE,55.94427638399434,-3.185363080492274,1693.5999158374336,2310.2022586998055
55.94427638399434,-3.185363080492274,E,55.94427638399434,-3.1850630804922737,1693.5999158374336,2308.9522586998055
55.94427638399434,-3.1850630804922737,ENE,55.94439118902405,-3.1847859166325203,1800.3645455455858,2377.8580955091265
