55.944425,-3.188396,ESE,55.94431019497029,-3.1881188361402466,73.26874271460895,270.965508176656
55.94431019497029,-3.1881188361402466,WNW,55.944425,-3.188396,73.26874271460895,269.715508176656
55.944425,-3.188396,W,55.944425,-3.188696,73.26874271460895,268.465508176656
55.944425,-3.188696,WNW,55.94453980502971,-3.1889731638597536,91.6010073362153,300.194253061445
55.94453980502971,-3.1889731638597536,NW,55.94475193706407,-3.1891852958941094,157.4679157753263,384.3074319020458
55.94475193706407,-3.1891852958941094,W,55.94475193706407,-3.1894852958941096,157.4679157753263,383.0574319020458
55.94475193706407,-3.1894852958941096,W,55.94475193706407,-3.1897852958941098,170.6794308883717,489.25335613855486
55.94475193706407,-3.1897852958941098,NNE,55.945029100923826,-3.1896704908644002,293.65269049908875,575.6669219660439
55.945029100923826,-3.1896704908644002,WNW,55.945143905953536,-3.1899476547241536,293.65269049908875,574.4169219660439
55.945143905953536,-3.1899476547241536,WNW,55.945258710983246,-3.190224818583907,299.04783755440536,692.4449597387745
55.945258710983246,-3.190224818583907,NW,55.9454708430176,-3.190436950618263,338.8861355883853,725.9310044515441
55.9454708430176,-3.190436950618263,N,55.945770843017606,-3.190436950618263,338.8861355883853,724.6810044515441
55.945770843017606,-3.190436950618263,NE,55.94598297505196,-3.190224818583907,338.8861355883853,723.4310044515441
55.94598297505196,-3.190224818583907,NE,55.94619510708632,-3.1900126865495513,340.3973116297163,744.4551251911122
55.94619510708632,-3.1900126865495513,ESE,55.94608030205661,-3.189735522689798,340.3973116297163,743.2051251911122
55.94608030205661,-3.189735522689798,E,55.94608030205661,-3.1894355226897977,381.32059167459556,791.0575003673948
55.94608030205661,-3.1894355226897977,W,55.94608030205661,-3.189735522689798,381.32059167459556,789.8075003673948
55.94608030205661,-3.189735522689798,W,55.94608030205661,-3.190035522689798,381.32059167459556,788.5575003673948
55.94608030205661,-3.190035522689798,W,55.94608030205661,-3.1903355226897983,381.32059167459556,787.3075003673948
55.94608030205661,-3.1903355226897983,W,55.94608030205661,-3.1906355226897984,381.32059167459556,786.0575003673948
55.94608030205661,-3.1906355226897984,WNW,55.94619510708632,-3.190912686549552,429.35940280621634,883.2150354800846
55.94619510708632,-3.190912686549552,WSW,55.94608030205661,-3.1911898504093053,478.92146574485844,970.5899257775466
55.94608030205661,-3.1911898504093053,W,55.94608030205661,-3.1914898504093054,478.92146574485844,969.3399257775466
55.94608030205661,-3.1914898504093054,WNW,55.94619510708632,-3.191767014269059,596.6952444814932,980.7323085485331
55.94619510708632,-3.191767014269059,SW,55.94598297505196,-3.1919791463034146,596.6952444814932,979.4823085485331
55.94598297505196,-3.1919791463034146,SW,55.945770843017606,-3.1921912783377704,596.6952444814932,978.2323085485331
55.945770843017606,-3.1921912783377704,S,55.9454708430176,-3.1921912783377704,596.6952444814932,976.9823085485331
55.9454708430176,-3.1921912783377704,S,55.9451708430176,-3.1921912783377704,596.6952444814932,975.7323085485331
55.9451708430176,-3.1921912783377704,S,55.9448708430176,-3.1921912783377704,596.6952444814932,974.4823085485331
55.9448708430176,-3.1921912783377704,SSE,55.94459367915784,-3.192076473308061,596.6952444814932,973.2323085485331
55.94459367915784,-3.192076473308061,S,55.94429367915784,-3.192076473308061,686.9359558501051,1015.9434491550013
55.94429367915784,-3.192076473308061,WSW,55.94417887412813,-3.1923536371678143,686.9359558501051,1014.6934491550013
55.94417887412813,-3.1923536371678143,SSW,55.94390171026837,-3.192468442197524,687.5579016831186,1079.2509916199506
55.94390171026837,-3.192468442197524,SE,55.943689578234014,-3.192256310163168,687.5579016831186,1078.0009916199506
55.943689578234014,-3.192256310163168,ESE,55.943574773204304,-3.1919791463034146,710.3470319805609,1195.3532521960124
55.943574773204304,-3.1919791463034146,SW,55.94336264116995,-3.1921912783377704,710.3470319805609,1194.1032521960124
55.94336264116995,-3.1921912783377704,SSW,55.94308547731019,-3.19230608336748,767.0682909863833,1272.659940249611
55.94308547731019,-3.19230608336748,ENE,55.9432002823399,-3.1920289195077265,767.0682909863833,1271.409940249611
55.9432002823399,-3.1920289195077265,ENE,55.94331508736961,-3.191751755647973,767.0682909863833,1270.159940249611
55.94331508736961,-3.191751755647973,ENE,55.94342989239932,-3.1914745917882197,767.0682909863833,1268.909940249611
55.94342989239932,-3.1914745917882197,ENE,55.94354469742903,-3.1911974279284663,767.0682909863833,1267.659940249611
55.94354469742903,-3.1911974279284663,NE,55.94375682946339,-3.1909852958941105,779.7367497377521,1312.111922234853
55.94375682946339,-3.1909852958941105,E,55.94375682946339,-3.1906852958941103,843.184235338851,1405.1263992856111
55.94375682946339,-3.1906852958941103,SSE,55.94347966560363,-3.190570490864401,843.184235338851,1403.8763992856111
55.94347966560363,-3.190570490864401,SSE,55.943202501743876,-3.1904556858346913,953.8339870588444,1458.297003243819
55.943202501743876,-3.1904556858346913,E,55.943202501743876,-3.190155685834691,957.2484977192919,1483.5157075322109
55.943202501743876,-3.190155685834691,NNE,55.94347966560363,-3.1900408808049816,957.2484977192919,1482.2657075322109
55.94347966560363,-3.1900408808049816,NE,55.94369179763799,-3.189828748770626,957.2484977192919,1481.0157075322109
55.94369179763799,-3.189828748770626,NNE,55.943968961497745,-3.1897139437409163,1038.4859554887714,1505.327635593769
55.943968961497745,-3.1897139437409163,NE,55.9441810935321,-3.1895018117065606,1038.4859554887714,1504.077635593769
55.9441810935321,-3.1895018117065606,NE,55.94439322556646,-3.189289679672205,1038.4859554887714,1502.827635593769
55.94439322556646,-3.189289679672205,ENE,55.94450803059617,-3.1890125158124514,1038.4859554887714,1501.577635593769
55.94450803059617,-3.1890125158124514,ENE,55.94462283562588,-3.188735351952698,1038.4859554887714,1500.327635593769
55.94462283562588,-3.188735351952698,NE,55.944834967660235,-3.188523219918342,1038.4859554887714,1499.077635593769
55.944834967660235,-3.188523219918342,NNE,55.94511213151999,-3.1884084148886327,1038.4859554887714,1497.827635593769
55.94511213151999,-3.1884084148886327,ENE,55.9452269365497,-3.1881312510288793,1133.7515516961803,1507.3973112189733
55.9452269365497,-3.1881312510288793,ENE,55.94534174157941,-3.187854087169126,1133.7515516961803,1506.1473112189733
55.94534174157941,-3.187854087169126,E,55.94534174157941,-3.1875540871691257,1133.7515516961803,1504.8973112189733
55.94534174157941,-3.1875540871691257,ENE,55.94545654660912,-3.1872769233093723,1165.2187309653298,1545.2762218497044
55.94545654660912,-3.1872769233093723,SE,55.945244414574766,-3.1870647912750165,1165.2187309653298,1544.0262218497044
55.945244414574766,-3.1870647912750165,ESE,55.945129609545056,-3.186787627415263,1165.2187309653298,1542.7762218497044
55.945129609545056,-3.186787627415263,SE,55.9449174775107,-3.1865754953809073,1165.2187309653298,1541.5262218497044
55.9449174775107,-3.1865754953809073,ESE,55.94480267248099,-3.186298331521154,1165.2187309653298,1540.2762218497044
55.94480267248099,-3.186298331521154,SE,55.94459054044663,-3.186086199486798,1175.156386217786,1570.3377333527778
55.94459054044663,-3.186086199486798,SW,55.94437840841228,-3.186298331521154,1175.156386217786,1569.0877333527778
55.94437840841228,-3.186298331521154,SSW,55.94410124455252,-3.1864131365508634,1193.2403595700318,1603.0691034913716
55.94410124455252,-3.1864131365508634,ESE,55.94398643952281,-3.18613597269111,1193.2403595700318,1601.8191034913716
55.94398643952281,-3.18613597269111,SE,55.943774307488454,-3.1859238406567543,1193.2403595700318,1600.5691034913716
55.943774307488454,-3.1859238406567543,ESE,55.94365950245874,-3.185646676797001,1251.4440615114565,1661.2515586742793
55.94365950245874,-3.185646676797001,ENE,55.943774307488454,-3.1853695129372475,1251.4440615114565,1660.0015586742793
55.943774307488454,-3.1853695129372475,ENE,55.943889112518164,-3.185092349077494,1251.4440615114565,1658.7515586742793
55.943889112518164,-3.185092349077494,ENE,55.944003917547874,-3.1848151852177407,1251.4440615114565,1657.5015586742793
55.944003917547874,-3.1848151852177407,ENE,55.944118722577585,-3.1845380213579872,1341.7348471271787,1777.258642222124
55.944118722577585,-3.1845380213579872,NW,55.94433085461194,-3.184750153392343,1341.7348471271787,1776.008642222124
55.94433085461194,-3.184750153392343,NNW,55.9446080184717,-3.1848649584220525,1341.7348471271787,1774.758642222124
55.9446080184717,-3.1848649584220525,NW,55.944820150506054,-3.1850770904564083,1427.3151378713135,1829.0115104132478
55.944820150506054,-3.1850770904564083,N,55.94512015050606,-3.1850770904564083,1427.3151378713135,1827.7615104132478
55.94512015050606,-3.1850770904564083,N,55.94542015050606,-3.1850770904564083,1445.4689132198391,1920.4011171123304
55.94542015050606,-3.1850770904564083,N,55.94572015050606,-3.1850770904564083,1504.0478101347849,1949.2554678860943
55.94572015050606,-3.1850770904564083,NE,55.94593228254042,-3.1848649584220525,1625.4496726580603,1970.540250920426
55.94593228254042,-3.1848649584220525,WNW,55.94604708757013,-3.185142122281806,1726.7555699508046,2000.9564899604413
55.94604708757013,-3.185142122281806,SE,55.94583495553577,-3.18492999024745,1726.7555699508046,1999.7064899604413
55.94583495553577,-3.18492999024745,SE,55.94562282350142,-3.1847178582130944,1726.7555699508046,1998.4564899604413
55.94562282350142,-3.1847178582130944,SE,55.94541069146706,-3.1845057261787386,1741.246572010067,2017.4605667162512
55.94541069146706,-3.1845057261787386,SW,55.945198559432704,-3.1847178582130944,1741.246572010067,2016.2105667162512
55.945198559432704,-3.1847178582130944,SW,55.94498642739835,-3.18492999024745,1741.246572010067,2014.9605667162512
55.94498642739835,-3.18492999024745,SW,55.94477429536399,-3.185142122281806,1741.246572010067,2013.7105667162512
55.94477429536399,-3.185142122281806,SW,55.944562163329635,-3.1853542543161617,1741.246572010067,2012.4605667162512
55.944562163329635,-3.1853542543161617,SW,55.94435003129528,-3.1855663863505175,1741.246572010067,2011.2105667162512
55.94435003129528,-3.1855663863505175,SW,55.94413789926092,-3.1857785183848732,1741.246572010067,2009.9605667162512
55.94413789926092,-3.1857785183848732,SW,55.94392576722657,-3.185990650419229,1741.246572010067,2008.7105667162512
55.94392576722657,-3.185990650419229,SW,55.94371363519221,-3.186202782453585,1741.246572010067,2007.4605667162512
55.94371363519221,-3.186202782453585,WSW,55.9435988301625,-3.186479946313338,1741.246572010067,2006.2105667162512
55.9435988301625,-3.186479946313338,SW,55.943386698128144,-3.186692078347694,1793.9703599072536,2074.0734336154064
55.943386698128144,-3.186692078347694,SSE,55.94310953426839,-3.1865772733179845,1793.9703599072536,2072.8234336154064
55.94310953426839,-3.1865772733179845,SSE,55.94283237040863,-3.186462468288275,1815.7859943862068,2113.529781668743
