55.944425,-3.188396,ESE,55.94431019497029,-3.1881188361402466,0.0,248.75
55.94431019497029,-3.1881188361402466,SSE,55.944033031110536,-3.188004031110537,0.0,247.5
55.944033031110536,-3.188004031110537,ESE,55.943918226080825,-3.1877268672507837,0.0,246.25
55.943918226080825,-3.1877268672507837,SSE,55.94364106222107,-3.187612062221074,121.40203890509065,293.5998370760129
55.94364106222107,-3.187612062221074,SW,55.94342893018671,-3.18782419425543,197.0252600636228,307.0739180036016
55.94342893018671,-3.18782419425543,SSW,55.943151766326956,-3.1879389992851395,197.0252600636228,305.8239180036016
55.943151766326956,-3.1879389992851395,SE,55.9429396342926,-3.1877268672507837,211.4072299675193,420.5491691335225
55.9429396342926,-3.1877268672507837,NE,55.943151766326956,-3.187514735216428,211.4072299675193,419.2991691335225
55.943151766326956,-3.187514735216428,NE,55.94336389836131,-3.187302603182072,211.4072299675193,418.0491691335225
55.94336389836131,-3.187302603182072,ENE,55.94347870339102,-3.1870254393223187,240.9850483936416,442.6806640504159
55.94347870339102,-3.1870254393223187,E,55.94347870339102,-3.1867254393223186,240.9850483936416,441.4306640504159
55.94347870339102,-3.1867254393223186,E,55.94347870339102,-3.1864254393223184,240.9850483936416,440.1806640504159
55.94347870339102,-3.1864254393223184,SE,55.943266571356666,-3.1862133072879626,240.9850483936416,438.9306640504159
55.943266571356666,-3.1862133072879626,E,55.943266571356666,-3.1859133072879624,265.07716595659605,458.3467816501341
55.943266571356666,-3.1859133072879624,ESE,55.943151766326956,-3.185636143428209,265.07716595659605,457.0967816501341
55.943151766326956,-3.185636143428209,SSE,55.9428746024672,-3.1855213383984995,265.07716595659605,455.8467816501341
55.9428746024672,-3.1855213383984995,ESE,55.94275979743749,-3.185244174538746,271.97255906008803,456.4703407981916
55.94275979743749,-3.185244174538746,ENE,55.9428746024672,-3.1849670106789927,271.97255906008803,455.2203407981916
55.9428746024672,-3.1849670106789927,ENE,55.94298940749691,-3.1846898468192393,271.97255906008803,453.9703407981916
55.94298940749691,-3.1846898468192393,SE,55.942777275462554,-3.1844777147848835,350.3887355122655,454.6248816962331
55.942777275462554,-3.1844777147848835,N,55.94307727546256,-3.1844777147848835,350.3887355122655,453.3748816962331
55.94307727546256,-3.1844777147848835,NNW,55.94335443932231,-3.184592519814593,350.3887355122655,452.1248816962331
55.94335443932231,-3.184592519814593,NW,55.94356657135667,-3.184804651848949,418.0466322013059,518.4624979298561
55.94356657135667,-3.184804651848949,ENE,55.94368137638638,-3.1845274879891954,486.96883139747786,534.3293660723348
55.94368137638638,-3.1845274879891954,N,55.94398137638638,-3.1845274879891954,486.96883139747786,533.0793660723348
55.94398137638638,-3.1845274879891954,NW,55.94419350842074,-3.184739620023551,518.3641350772382,641.803578627063
55.94419350842074,-3.184739620023551,N,55.94449350842074,-3.184739620023551,518.3641350772382,640.553578627063
55.94449350842074,-3.184739620023551,N,55.944793508420744,-3.184739620023551,518.3641350772382,639.303578627063
55.944793508420744,-3.184739620023551,NW,55.9450056404551,-3.184951752057907,518.3641350772382,638.053578627063
55.9450056404551,-3.184951752057907,N,55.9453056404551,-3.184951752057907,518.3641350772382,636.803578627063
55.9453056404551,-3.184951752057907,NW,55.94551777248946,-3.1851638840922627,544.1981055360137,746.9410670320802
55.94551777248946,-3.1851638840922627,W,55.94551777248946,-3.185463884092263,544.1981055360137,745.6910670320802
55.94551777248946,-3.185463884092263,SW,55.9453056404551,-3.1856760161266187,544.1981055360137,744.4410670320802
55.9453056404551,-3.1856760161266187,WSW,55.94519083542539,-3.185953179986372,599.7722585258354,796.8553845776235
55.94519083542539,-3.185953179986372,WSW,55.94507603039568,-3.1862303438461255,599.7722585258354,795.6053845776235
55.94507603039568,-3.1862303438461255,SSW,55.944798866535926,-3.186345148875835,649.0739472613889,835.3256931846234
55.944798866535926,-3.186345148875835,NNW,55.94507603039568,-3.1864599539055445,649.0739472613889,834.0756931846234
55.94507603039568,-3.1864599539055445,NNE,55.94535319425544,-3.186345148875835,649.0739472613889,832.8256931846234
55.94535319425544,-3.186345148875835,NNW,55.945630358115196,-3.1864599539055445,649.0739472613889,831.5756931846234
55.945630358115196,-3.1864599539055445,N,55.9459303581152,-3.1864599539055445,719.2438096754152,831.8542715377093
55.9459303581152,-3.1864599539055445,W,55.9459303581152,-3.1867599539055447,719.2438096754152,830.6042715377093
55.9459303581152,-3.1867599539055447,WSW,55.94581555308549,-3.187037117765298,719.2438096754152,829.3542715377093
55.94581555308549,-3.187037117765298,NW,55.946027685119844,-3.187249249799654,733.6710628518209,858.8431903169165
55.946027685119844,-3.187249249799654,SSE,55.94575052126009,-3.1871344447699443,733.6710628518209,857.5931903169165
55.94575052126009,-3.1871344447699443,ESE,55.94563571623038,-3.186857280910191,811.5272131796096,903.2656998967421
55.94563571623038,-3.186857280910191,WSW,55.94552091120067,-3.1871344447699443,811.5272131796096,902.0156998967421
55.94552091120067,-3.1871344447699443,WSW,55.94540610617096,-3.1874116086296977,811.5272131796096,900.7656998967421
55.94540610617096,-3.1874116086296977,WNW,55.94552091120067,-3.187688772489451,811.5272131796096,899.5156998967421
55.94552091120067,-3.187688772489451,WSW,55.94540610617096,-3.1879659363492046,811.5272131796096,898.2656998967421
55.94540610617096,-3.1879659363492046,WNW,55.94552091120067,-3.188243100208958,811.5272131796096,897.0156998967421
55.94552091120067,-3.188243100208958,WSW,55.94540610617096,-3.1885202640687114,811.5272131796096,895.7656998967421
55.94540610617096,-3.1885202640687114,W,55.94540610617096,-3.1888202640687116,927.7682742166438,913.691313512526
55.94540610617096,-3.1888202640687116,NW,55.94561823820531,-3.1890323961030673,927.7682742166438,912.441313512526
55.94561823820531,-3.1890323961030673,WNW,55.94573304323502,-3.1893095599628207,1020.2655581019349,1017.4021075748296
55.94573304323502,-3.1893095599628207,SSW,55.94545587937527,-3.1894243649925302,1020.2655581019349,1016.1521075748296
55.94545587937527,-3.1894243649925302,WSW,55.945341074345556,-3.1897015288522836,1020.2655581019349,1014.9021075748296
55.945341074345556,-3.1897015288522836,S,55.94504107434555,-3.1897015288522836,1029.187055627798,1020.7087030972078
55.94504107434555,-3.1897015288522836,WNW,55.945155879375264,-3.189978692712037,1029.187055627798,1019.4587030972078
55.945155879375264,-3.189978692712037,NW,55.94536801140962,-3.190190824746393,1032.2335619336468,1068.33387436299
55.94536801140962,-3.190190824746393,NNW,55.94564517526938,-3.1903056297761023,1150.4340987026774,1129.5770346244892
55.94564517526938,-3.1903056297761023,NE,55.94585730730373,-3.1900934977417466,1191.2758567991307,1195.910695555916
55.94585730730373,-3.1900934977417466,SSW,55.945580143443976,-3.190208302771456,1191.2758567991307,1194.660695555916
55.945580143443976,-3.190208302771456,SSW,55.94530297958422,-3.1903231078011656,1202.6204834317477,1262.2821666603836
55.94530297958422,-3.1903231078011656,WSW,55.94518817455451,-3.190600271660919,1202.6204834317477,1261.0321666603836
55.94518817455451,-3.190600271660919,W,55.94518817455451,-3.190900271660919,1302.0517183438276,1264.9326312860453
55.94518817455451,-3.190900271660919,SSW,55.94491101069475,-3.1910150766906287,1370.56507225606,1370.3714889705395
55.94491101069475,-3.1910150766906287,SSW,55.944633846834996,-3.191129881720338,1370.56507225606,1369.1214889705395
55.944633846834996,-3.191129881720338,SW,55.94442171480064,-3.191342013754694,1385.726530945487,1445.4277811478603
55.94442171480064,-3.191342013754694,SW,55.944209582766284,-3.1915541457890497,1385.726530945487,1444.1777811478603
55.944209582766284,-3.1915541457890497,SSW,55.94393241890653,-3.1916689508187592,1396.8639443132051,1498.8993852795327
55.94393241890653,-3.1916689508187592,N,55.94423241890653,-3.1916689508187592,1396.8639443132051,1497.6493852795327
55.94423241890653,-3.1916689508187592,WSW,55.94411761387682,-3.1919461146785126,1396.8639443132051,1496.3993852795327
55.94411761387682,-3.1919461146785126,NW,55.944329745911176,-3.1921582467128684,1396.8639443132051,1495.1493852795327
55.944329745911176,-3.1921582467128684,NE,55.94454187794553,-3.1919461146785126,1396.8639443132051,1493.8993852795327
55.94454187794553,-3.1919461146785126,N,55.944841877945535,-3.1919461146785126,1419.1243084829296,1495.034287783612
55.944841877945535,-3.1919461146785126,NE,55.94505400997989,-3.191733982644157,1487.3114380825198,1594.288165314999
55.94505400997989,-3.191733982644157,S,55.94475400997989,-3.191733982644157,1487.3114380825198,1593.038165314999
55.94475400997989,-3.191733982644157,S,55.944454009979886,-3.191733982644157,1487.3114380825198,1591.788165314999
55.944454009979886,-3.191733982644157,WNW,55.944568815009596,-3.1920111465039103,1487.3114380825198,1590.538165314999
55.944568815009596,-3.1920111465039103,SSW,55.94429165114984,-3.1921259515336198,1512.3811859754614,1646.5463688080433
55.94429165114984,-3.1921259515336198,SW,55.94407951911548,-3.1923380835679755,1512.3811859754614,1645.2963688080433
55.94407951911548,-3.1923380835679755,E,55.94407951911548,-3.1920380835679754,1552.202474644418,1649.744808747624
55.94407951911548,-3.1920380835679754,ESE,55.94396471408577,-3.191760919708222,1552.202474644418,1648.494808747624
55.94396471408577,-3.191760919708222,SSE,55.94368755022602,-3.1916461146785124,1552.202474644418,1647.244808747624
55.94368755022602,-3.1916461146785124,SE,55.94347541819166,-3.1914339826441567,1676.7215967143416,1671.8622832130075
55.94347541819166,-3.1914339826441567,ENE,55.94359022322137,-3.1911568187844033,1676.7215967143416,1670.6122832130075
55.94359022322137,-3.1911568187844033,ENE,55.94370502825108,-3.19087965492465,1676.7215967143416,1669.3622832130075
55.94370502825108,-3.19087965492465,ESE,55.94359022322137,-3.1906024910648965,1676.7215967143416,1668.1122832130075
55.94359022322137,-3.1906024910648965,ENE,55.94370502825108,-3.190325327205143,1676.7215967143416,1666.8622832130075
55.94370502825108,-3.190325327205143,ESE,55.94359022322137,-3.1900481633453897,1714.8514771330838,1739.9440417736948
55.94359022322137,-3.1900481633453897,SW,55.943378091187014,-3.1902602953797454,1714.8514771330838,1738.6940417736948
55.943378091187014,-3.1902602953797454,SSE,55.94310092732726,-3.190145490350036,1714.8514771330838,1737.4440417736948
55.94310092732726,-3.190145490350036,ENE,55.94321573235697,-3.1898683264902825,1714.8514771330838,1736.1940417736948
55.94321573235697,-3.1898683264902825,ESE,55.94310092732726,-3.189591162630529,1796.2610391994394,1817.7179763032657
55.94310092732726,-3.189591162630529,N,55.94340092732726,-3.189591162630529,1796.2610391994394,1816.4679763032657
55.94340092732726,-3.189591162630529,NE,55.94361305936162,-3.1893790305961733,1796.2610391994394,1815.2179763032657
55.94361305936162,-3.1893790305961733,NNE,55.94389022322137,-3.189264225566464,1796.2610391994394,1813.9679763032657
55.94389022322137,-3.189264225566464,NNW,55.94416738708113,-3.1893790305961733,1796.2610391994394,1812.7179763032657
55.94416738708113,-3.1893790305961733,NNW,55.94444455094089,-3.189493835625883,1796.2610391994394,1811.4679763032657
55.94444455094089,-3.189493835625883,WNW,55.9445593559706,-3.1897709994856362,1796.2610391994394,1810.2179763032657
55.9445593559706,-3.1897709994856362,NNW,55.94483651983035,-3.1898858045153458,1796.2610391994394,1808.9679763032657
55.94483651983035,-3.1898858045153458,WNW,55.944951324860064,-3.190162968375099,1796.2610391994394,1807.7179763032657
55.944951324860064,-3.190162968375099,NNW,55.94522848871982,-3.1902777734048087,1796.2610391994394,1806.4679763032657
55.94522848871982,-3.1902777734048087,WNW,55.94534329374953,-3.190554937264562,1796.2610391994394,1805.2179763032657
55.94534329374953,-3.190554937264562,NNW,55.94562045760929,-3.1906697422942716,1796.2610391994394,1803.9679763032657
55.94562045760929,-3.1906697422942716,WNW,55.945735262639,-3.190946906154025,1862.5162308686292,1915.4708666814731
55.945735262639,-3.190946906154025,WNW,55.94585006766871,-3.1912240700137784,1974.8005876497991,2010.2734220469497
