55.944425,-3.188396,WSW,55.94431019497029,-3.1886731638597534,17.967177490367067,307.6138422868435
55.94431019497029,-3.1886731638597534,WSW,55.94419538994058,-3.188950327719507,89.70792575958765,397.23415968532464
55.94419538994058,-3.188950327719507,E,55.94419538994058,-3.1886503277195066,89.70792575958765,395.98415968532464
55.94419538994058,-3.1886503277195066,N,55.944495389940585,-3.1886503277195066,89.70792575958765,394.73415968532464
55.944495389940585,-3.1886503277195066,ENE,55.944610194970295,-3.1883731638597532,89.70792575958765,393.48415968532464
55.944610194970295,-3.1883731638597532,ESE,55.944495389940585,-3.188096,191.10308634160012,449.43620671075496
55.944495389940585,-3.188096,S,55.94419538994058,-3.188096,191.10308634160012,448.18620671075496
55.94419538994058,-3.188096,SE,55.943983257906226,-3.187883867965644,191.10308634160012,446.93620671075496
55.943983257906226,-3.187883867965644,SSE,55.94370609404647,-3.1877690629359345,207.44067492924134,567.129545815292
55.94370609404647,-3.1877690629359345,ENE,55.94382089907618,-3.187491899076181,207.44067492924134,565.879545815292
55.94382089907618,-3.187491899076181,ESE,55.94370609404647,-3.1872147352164277,230.3960223188514,621.0722346408678
55.94370609404647,-3.1872147352164277,SSE,55.94342893018671,-3.187099930186718,230.3960223188514,619.8222346408678
55.94342893018671,-3.187099930186718,SSE,55.943151766326956,-3.1869851251570087,230.3960223188514,618.5722346408678
55.943151766326956,-3.1869851251570087,SE,55.9429396342926,-3.186772993122653,284.94585563073275,682.4387141074099
55.9429396342926,-3.186772993122653,E,55.9429396342926,-3.1864729931226528,284.94585563073275,681.1887141074099
55.9429396342926,-3.1864729931226528,E,55.9429396342926,-3.1861729931226526,284.94585563073275,679.9387141074099
55.9429396342926,-3.1861729931226526,NE,55.943151766326956,-3.185960861088297,284.94585563073275,678.6887141074099
55.943151766326956,-3.185960861088297,E,55.943151766326956,-3.1856608610882966,336.13701608441085,802.128843324779
55.943151766326956,-3.1856608610882966,SE,55.9429396342926,-3.185448729053941,359.07076604189916,820.7635448417905
55.9429396342926,-3.185448729053941,NNE,55.943216798152356,-3.1853339240242313,359.07076604189916,819.5135448417905
55.943216798152356,-3.1853339240242313,E,55.943216798152356,-3.185033924024231,359.07076604189916,818.2635448417905
55.943216798152356,-3.185033924024231,NE,55.94342893018671,-3.1848217919898754,371.8720301444611,895.5031683940881
55.94342893018671,-3.1848217919898754,N,55.943728930186715,-3.1848217919898754,371.8720301444611,894.2531683940881
55.943728930186715,-3.1848217919898754,NNW,55.94400609404647,-3.184936597019585,371.8720301444611,893.0031683940881
55.94400609404647,-3.184936597019585,NW,55.94421822608083,-3.1851487290539406,483.9747696398555,893.4408428222331
55.94421822608083,-3.1851487290539406,WSW,55.94410342105112,-3.185425892913694,483.9747696398555,892.1908428222331
55.94410342105112,-3.185425892913694,W,55.94410342105112,-3.1857258929136942,602.1269586602278,964.417544551324
55.94410342105112,-3.1857258929136942,WSW,55.94398861602141,-3.1860030567734476,602.1269586602278,963.167544551324
55.94398861602141,-3.1860030567734476,W,55.94398861602141,-3.186303056773448,602.1269586602278,961.917544551324
55.94398861602141,-3.186303056773448,NNW,55.944265779881164,-3.1864178618031573,602.1269586602278,960.667544551324
55.944265779881164,-3.1864178618031573,WNW,55.944380584910874,-3.1866950256629107,624.774207174173,1033.0023020920426
55.944380584910874,-3.1866950256629107,N,55.94468058491088,-3.1866950256629107,624.774207174173,1031.7523020920426
55.94468058491088,-3.1866950256629107,N,55.94498058491088,-3.1866950256629107,624.774207174173,1030.5023020920426
55.94498058491088,-3.1866950256629107,NE,55.945192716945236,-3.186482893628555,624.774207174173,1029.2523020920426
55.945192716945236,-3.186482893628555,N,55.94549271694524,-3.186482893628555,624.774207174173,1028.0023020920426
55.94549271694524,-3.186482893628555,NNE,55.945769880804995,-3.1863680885988455,660.8774728224455,1064.6034212533882
55.945769880804995,-3.1863680885988455,WNW,55.945884685834706,-3.186645252458599,660.8774728224455,1063.3534212533882
55.945884685834706,-3.186645252458599,WSW,55.945769880804995,-3.1869224163183523,660.8774728224455,1062.1034212533882
55.945769880804995,-3.1869224163183523,WNW,55.945884685834706,-3.1871995801781057,692.890970194523,1072.459502161716
55.945884685834706,-3.1871995801781057,W,55.945884685834706,-3.187499580178106,692.890970194523,1071.209502161716
55.945884685834706,-3.187499580178106,W,55.945884685834706,-3.187799580178106,692.890970194523,1069.959502161716
55.945884685834706,-3.187799580178106,SW,55.94567255380035,-3.188011712212462,801.0164090856573,1142.432467933821
55.94567255380035,-3.188011712212462,W,55.94567255380035,-3.188311712212462,801.0164090856573,1141.182467933821
55.94567255380035,-3.188311712212462,WNW,55.94578735883006,-3.1885888760722154,864.1197476113623,1166.3543252370273
55.94578735883006,-3.1885888760722154,NNW,55.94606452268982,-3.188703681101925,885.3277044614674,1272.8320374484151
55.94606452268982,-3.188703681101925,SSW,55.94578735883006,-3.1888184861316344,885.3277044614674,1271.5820374484151
55.94578735883006,-3.1888184861316344,SSW,55.9455101949703,-3.188933291161344,931.584907025426,1316.3691941848044
55.9455101949703,-3.188933291161344,W,55.9455101949703,-3.189233291161344,931.584907025426,1315.1191941848044
55.9455101949703,-3.189233291161344,SW,55.94529806293595,-3.1894454231957,1049.2259121074671,1364.0159166171331
55.94529806293595,-3.1894454231957,W,55.94529806293595,-3.1897454231957,1049.2259121074671,1362.7659166171331
55.94529806293595,-3.1897454231957,NW,55.9455101949703,-3.189957555230056,1049.2259121074671,1361.5159166171331
55.9455101949703,-3.189957555230056,W,55.9455101949703,-3.190257555230056,1158.494786192909,1377.6891632526037
55.9455101949703,-3.190257555230056,NNW,55.94578735883006,-3.1903723602597656,1158.494786192909,1376.4391632526037
55.94578735883006,-3.1903723602597656,WSW,55.94567255380035,-3.190649524119519,1257.071463019023,1464.1221439023302
55.94567255380035,-3.190649524119519,WNW,55.94578735883006,-3.1909266879792724,1308.3234644423883,1582.8549970666945
55.94578735883006,-3.1909266879792724,WSW,55.94567255380035,-3.1912038518390258,1308.3234644423883,1581.6049970666945
55.94567255380035,-3.1912038518390258,W,55.94567255380035,-3.191503851839026,1332.8185856433822,1676.4647163544414
55.94567255380035,-3.191503851839026,WNW,55.94578735883006,-3.1917810156987794,1391.7782841332446,1683.4613707816914
55.94578735883006,-3.1917810156987794,WNW,55.94590216385977,-3.1920581795585328,1391.7782841332446,1682.2113707816914
55.94590216385977,-3.1920581795585328,WSW,55.94578735883006,-3.192335343418286,1499.089312620886,1713.6131875806102
55.94578735883006,-3.192335343418286,N,55.94608735883006,-3.192335343418286,1527.8807518326844,1834.1195930606505
55.94608735883006,-3.192335343418286,SE,55.94587522679571,-3.1921232113839304,1527.8807518326844,1832.8695930606505
55.94587522679571,-3.1921232113839304,SE,55.94566309476135,-3.1919110793495746,1527.8807518326844,1831.6195930606505
55.94566309476135,-3.1919110793495746,SE,55.945450962726994,-3.191698947315219,1527.8807518326844,1830.3695930606505
55.945450962726994,-3.191698947315219,SE,55.94523883069264,-3.191486815280863,1527.8807518326844,1829.1195930606505
55.94523883069264,-3.191486815280863,S,55.944938830692635,-3.191486815280863,1527.8807518326844,1827.8695930606505
55.944938830692635,-3.191486815280863,SE,55.94472669865828,-3.1912746832465073,1527.8807518326844,1826.6195930606505
55.94472669865828,-3.1912746832465073,S,55.944426698658276,-3.1912746832465073,1527.8807518326844,1825.3695930606505
55.944426698658276,-3.1912746832465073,SSE,55.94414953479852,-3.191159878216798,1649.347480577987,1859.7737706893995
55.94414953479852,-3.191159878216798,NE,55.944361666832876,-3.190947746182442,1649.347480577987,1858.5237706893995
55.944361666832876,-3.190947746182442,ENE,55.944476471862586,-3.1906705823226886,1705.720359339924,1863.6058814002693
55.944476471862586,-3.1906705823226886,ESE,55.944361666832876,-3.1903934184629352,1819.6793122143692,1927.7262705634887
55.944361666832876,-3.1903934184629352,S,55.94406166683287,-3.1903934184629352,1819.6793122143692,1926.4762705634887
55.94406166683287,-3.1903934184629352,SW,55.94384953479852,-3.190605550497291,1827.0644053257922,1950.912894131463
55.94384953479852,-3.190605550497291,ESE,55.943734729768806,-3.1903283866375376,1855.850802727881,2052.9428376693872
55.943734729768806,-3.1903283866375376,WSW,55.943619924739096,-3.190605550497291,1855.850802727881,2051.6928376693872
55.943619924739096,-3.190605550497291,WNW,55.943734729768806,-3.1908827143570444,1855.850802727881,2050.4428376693872
55.943734729768806,-3.1908827143570444,WNW,55.94384953479852,-3.191159878216798,1855.850802727881,2049.1928376693872
55.94384953479852,-3.191159878216798,WSW,55.943734729768806,-3.191437042076551,1855.850802727881,2047.9428376693872
55.943734729768806,-3.191437042076551,W,55.943734729768806,-3.1917370420765514,1945.550545875102,2116.7296913474684
55.943734729768806,-3.1917370420765514,SW,55.94352259773445,-3.191949174110907,1955.942332269548,2215.1401786502033
55.94352259773445,-3.191949174110907,SSE,55.943245433874694,-3.1918343690811977,1955.942332269548,2213.8901786502033
55.943245433874694,-3.1918343690811977,SSE,55.94296827001494,-3.191719564051488,1984.1338472587122,2305.072459443918
55.94296827001494,-3.191719564051488,WSW,55.94285346498523,-3.1919967279112416,1984.1338472587122,2303.822459443918
55.94285346498523,-3.1919967279112416,WNW,55.94296827001494,-3.192273891770995,2087.6700569239074,2393.687295234161
55.94296827001494,-3.192273891770995,ENE,55.94308307504465,-3.1919967279112416,2087.6700569239074,2392.437295234161
55.94308307504465,-3.1919967279112416,ENE,55.94319788007436,-3.191719564051488,2087.6700569239074,2391.187295234161
55.94319788007436,-3.191719564051488,ESE,55.94308307504465,-3.1914424001917348,2087.6700569239074,2389.937295234161
55.94308307504465,-3.1914424001917348,ESE,55.94296827001494,-3.1911652363319813,2087.6700569239074,2388.687295234161
55.94296827001494,-3.1911652363319813,ESE,55.94285346498523,-3.190888072472228,2087.6700569239074,2387.437295234161
55.94285346498523,-3.190888072472228,ENE,55.94296827001494,-3.1906109086124745,2087.6700569239074,2386.187295234161
55.94296827001494,-3.1906109086124745,ESE,55.94285346498523,-3.190333744752721,2087.6700569239074,2384.937295234161
55.94285346498523,-3.190333744752721,ENE,55.94296827001494,-3.1900565808929677,2087.6700569239074,2383.687295234161
55.94296827001494,-3.1900565808929677,ESE,55.94285346498523,-3.1897794170332143,2087.6700569239074,2382.437295234161
55.94285346498523,-3.1897794170332143,SE,55.94264133295087,-3.1895672849988586,2087.6700569239074,2381.187295234161
55.94264133295087,-3.1895672849988586,E,55.94264133295087,-3.1892672849988584,2087.6700569239074,2379.937295234161
55.94264133295087,-3.1892672849988584,NNE,55.94291849681063,-3.189152479969149,2166.7901192836175,2475.2224738147975
55.94291849681063,-3.189152479969149,NE,55.94313062884498,-3.188940347934793,2166.7901192836175,2473.9724738147975
55.94313062884498,-3.188940347934793,NE,55.94334276087934,-3.1887282159004373,2166.7901192836175,2472.7224738147975
55.94334276087934,-3.1887282159004373,NE,55.943554892913696,-3.1885160838660815,2166.7901192836175,2471.4724738147975
55.943554892913696,-3.1885160838660815,NE,55.94376702494805,-3.1883039518317258,2166.7901192836175,2470.2224738147975
55.94376702494805,-3.1883039518317258,NE,55.94397915698241,-3.18809181979737,2166.7901192836175,2468.9724738147975
55.94397915698241,-3.18809181979737,NE,55.944191289016764,-3.1878796877630142,2166.7901192836175,2467.7224738147975
55.944191289016764,-3.1878796877630142,NE,55.94440342105112,-3.1876675557286585,2166.7901192836175,2466.4724738147975
55.94440342105112,-3.1876675557286585,NE,55.94461555308548,-3.1874554236943027,2166.7901192836175,2465.2224738147975
55.94461555308548,-3.1874554236943027,NE,55.94482768511983,-3.187243291659947,2166.7901192836175,2463.9724738147975
55.94482768511983,-3.187243291659947,E,55.94482768511983,-3.1869432916599467,2166.7901192836175,2462.7224738147975
55.94482768511983,-3.1869432916599467,NE,55.94503981715419,-3.186731159625591,2166.7901192836175,2461.4724738147975
55.94503981715419,-3.186731159625591,E,55.94503981715419,-3.1864311596255908,2166.7901192836175,2460.2224738147975
55.94503981715419,-3.1864311596255908,NE,55.945251949188545,-3.186219027591235,2166.7901192836175,2458.9724738147975
55.945251949188545,-3.186219027591235,E,55.945251949188545,-3.185919027591235,2166.7901192836175,2457.7224738147975
55.945251949188545,-3.185919027591235,NE,55.9454640812229,-3.185706895556879,2166.7901192836175,2456.4724738147975
55.9454640812229,-3.185706895556879,E,55.9454640812229,-3.185406895556879,2166.7901192836175,2455.2224738147975
55.9454640812229,-3.185406895556879,NE,55.94567621325726,-3.185194763522523,2166.7901192836175,2453.9724738147975
55.94567621325726,-3.185194763522523,E,55.94567621325726,-3.184894763522523,2166.7901192836175,2452.7224738147975
55.94567621325726,-3.184894763522523,ENE,55.94579101828697,-3.1846175996627695,2274.8107207005733,2459.8213243949026
