55.944425,-3.188396,ENE,55.94453980502971,-3.1881188361402466,0.0,248.75
55.94453980502971,-3.1881188361402466,ENE,55.94465461005942,-3.187841672280493,31.69407767333962,248.01774735505356
55.94465461005942,-3.187841672280493,SSE,55.94437744619967,-3.1877268672507837,74.0055968859934,275.3088165597332
55.94437744619967,-3.1877268672507837,SSE,55.94410028233991,-3.187612062221074,74.0055968859934,274.0588165597332
55.94410028233991,-3.187612062221074,SSE,55.943823118480154,-3.1874972571913647,168.4999232170349,381.5782800147434
55.943823118480154,-3.1874972571913647,ENE,55.943937923509864,-3.1872200933316113,168.4999232170349,380.3282800147434
55.943937923509864,-3.1872200933316113,ENE,55.944052728539575,-3.186942929471858,279.2482161498591,497.7214222633444
55.944052728539575,-3.186942929471858,N,55.94435272853958,-3.186942929471858,279.2482161498591,496.4714222633444
55.94435272853958,-3.186942929471858,N,55.94465272853958,-3.186942929471858,301.7217592991842,595.7718277615338
55.94465272853958,-3.186942929471858,ESE,55.94453792350987,-3.1866657656121045,359.32329485539805,706.6519290582349
55.94453792350987,-3.1866657656121045,SSE,55.94426075965011,-3.186550960582395,359.32329485539805,705.4019290582349
55.94426075965011,-3.186550960582395,SSE,55.94398359579036,-3.1864361555526854,359.32329485539805,704.1519290582349
55.94398359579036,-3.1864361555526854,SE,55.943771463756,-3.1862240235183297,443.42936531943224,714.814446621621
55.943771463756,-3.1862240235183297,SE,55.943559331721644,-3.186011891483974,443.42936531943224,713.564446621621
55.943559331721644,-3.186011891483974,ESE,55.943444526691934,-3.1857347276242205,528.8488482075653,804.2444439544432
55.943444526691934,-3.1857347276242205,NE,55.94365665872629,-3.1855225955898647,575.5214254921683,814.2276617162596
55.94365665872629,-3.1855225955898647,ESE,55.94354185369658,-3.1852454317301113,575.5214254921683,812.9776617162596
55.94354185369658,-3.1852454317301113,SE,55.943329721662224,-3.1850332996957555,647.9860259575801,815.8568246823774
55.943329721662224,-3.1850332996957555,N,55.94362972166223,-3.1850332996957555,647.9860259575801,814.6068246823774
55.94362972166223,-3.1850332996957555,NNE,55.94390688552198,-3.184918494666046,647.9860259575801,813.3568246823774
55.94390688552198,-3.184918494666046,N,55.944206885521986,-3.184918494666046,647.9860259575801,812.1068246823774
55.944206885521986,-3.184918494666046,NNE,55.94448404938174,-3.1848036896363365,647.9860259575801,810.8568246823774
55.94448404938174,-3.1848036896363365,N,55.944784049381745,-3.1848036896363365,745.8059256346787,822.2331581962612
55.944784049381745,-3.1848036896363365,N,55.94508404938175,-3.1848036896363365,745.8059256346787,820.9831581962612
55.94508404938175,-3.1848036896363365,N,55.94538404938175,-3.1848036896363365,745.8059256346787,819.7331581962612
55.94538404938175,-3.1848036896363365,N,55.945684049381754,-3.1848036896363365,745.8059256346787,818.4831581962612
55.945684049381754,-3.1848036896363365,N,55.94598404938176,-3.1848036896363365,762.3011543656762,845.3650023990594
55.94598404938176,-3.1848036896363365,W,55.94598404938176,-3.1851036896363367,762.3011543656762,844.1150023990594
55.94598404938176,-3.1851036896363367,W,55.94598404938176,-3.185403689636337,762.3011543656762,842.8650023990594
55.94598404938176,-3.185403689636337,W,55.94598404938176,-3.185703689636337,762.3011543656762,841.6150023990594
55.94598404938176,-3.185703689636337,WNW,55.94609885441147,-3.1859808534960905,766.6796228041505,868.7248081286168
55.94609885441147,-3.1859808534960905,SW,55.94588672237711,-3.1861929855304463,766.6796228041505,867.4748081286168
55.94588672237711,-3.1861929855304463,WSW,55.9457719173474,-3.1864701493901997,780.668576433789,956.2534432320787
55.9457719173474,-3.1864701493901997,WSW,55.94565711231769,-3.186747313249953,780.668576433789,955.0034432320787
55.94565711231769,-3.186747313249953,WSW,55.94554230728798,-3.1870244771097065,780.668576433789,953.7534432320787
55.94554230728798,-3.1870244771097065,W,55.94554230728798,-3.1873244771097067,780.668576433789,952.5034432320787
55.94554230728798,-3.1873244771097067,WSW,55.94542750225827,-3.18760164096946,780.668576433789,951.2534432320787
55.94542750225827,-3.18760164096946,W,55.94542750225827,-3.1879016409694603,780.668576433789,950.0034432320787
55.94542750225827,-3.1879016409694603,WSW,55.94531269722856,-3.1881788048292137,903.6892004446236,1005.5614286143822
55.94531269722856,-3.1881788048292137,WNW,55.94542750225827,-3.188455968688967,903.6892004446236,1004.3114286143822
55.94542750225827,-3.188455968688967,WNW,55.94554230728798,-3.1887331325487205,903.6892004446236,1003.0614286143822
55.94554230728798,-3.1887331325487205,WNW,55.94565711231769,-3.189010296408474,903.6892004446236,1001.8114286143822
55.94565711231769,-3.189010296408474,NW,55.945869244352046,-3.1892224284428297,903.6892004446236,1000.5614286143822
55.945869244352046,-3.1892224284428297,WNW,55.94598404938176,-3.189499592302583,971.8199692241019,1102.377964392859
55.94598404938176,-3.189499592302583,WNW,55.94609885441147,-3.1897767561623365,971.8199692241019,1101.127964392859
55.94609885441147,-3.1897767561623365,WNW,55.94621365944118,-3.19005392002209,1033.2146680619824,1103.1116075617697
55.94621365944118,-3.19005392002209,SSW,55.94593649558142,-3.1901687250517994,1033.2146680619824,1101.8616075617697
55.94593649558142,-3.1901687250517994,SSW,55.945659331721664,-3.190283530081509,1068.8299745000563,1125.3022812421889
55.945659331721664,-3.190283530081509,WSW,55.945544526691954,-3.1905606939412623,1068.8299745000563,1124.0522812421889
55.945544526691954,-3.1905606939412623,WSW,55.945429721662244,-3.1908378578010157,1068.8299745000563,1122.8022812421889
55.945429721662244,-3.1908378578010157,W,55.945429721662244,-3.191137857801016,1143.4084080316027,1138.561602060883
55.945429721662244,-3.191137857801016,W,55.945429721662244,-3.191437857801016,1143.4084080316027,1137.311602060883
55.945429721662244,-3.191437857801016,WNW,55.945544526691954,-3.1917150216607695,1238.2563162346971,1241.8554584225244
55.945544526691954,-3.1917150216607695,WNW,55.945659331721664,-3.191992185520523,1302.6755295065377,1316.283940673506
55.945659331721664,-3.191992185520523,N,55.94595933172167,-3.191992185520523,1395.6615449895148,1316.833323884815
55.94595933172167,-3.191992185520523,S,55.945659331721664,-3.191992185520523,1395.6615449895148,1315.583323884815
55.945659331721664,-3.191992185520523,S,55.94535933172166,-3.191992185520523,1395.6615449895148,1314.333323884815
55.94535933172166,-3.191992185520523,S,55.94505933172166,-3.191992185520523,1395.6615449895148,1313.083323884815
55.94505933172166,-3.191992185520523,SSW,55.9447821678619,-3.1921069905502324,1462.1963906839592,1331.6755307641026
55.9447821678619,-3.1921069905502324,ESE,55.94466736283219,-3.191829826690479,1480.5808169836794,1433.8989915173545
55.94466736283219,-3.191829826690479,SE,55.944455230797836,-3.191617694656123,1574.0703685327978,1476.0432492479513
55.944455230797836,-3.191617694656123,E,55.944455230797836,-3.191317694656123,1626.995868480435,1525.9303174411882
55.944455230797836,-3.191317694656123,WSW,55.944340425768125,-3.1915948585158764,1626.995868480435,1524.6803174411882
55.944340425768125,-3.1915948585158764,WSW,55.944225620738415,-3.19187202237563,1626.995868480435,1523.4303174411882
55.944225620738415,-3.19187202237563,W,55.944225620738415,-3.19217202237563,1709.8552946946263,1536.9850673103747
55.944225620738415,-3.19217202237563,S,55.94392562073841,-3.19217202237563,1709.8552946946263,1535.7350673103747
55.94392562073841,-3.19217202237563,S,55.94362562073841,-3.19217202237563,1709.8552946946263,1534.4850673103747
55.94362562073841,-3.19217202237563,SSE,55.94334845687865,-3.1920572173459205,1709.8552946946263,1533.2350673103747
55.94334845687865,-3.1920572173459205,S,55.94304845687865,-3.1920572173459205,1736.5875999571006,1629.103227259973
55.94304845687865,-3.1920572173459205,ENE,55.94316326190836,-3.191780053486167,1736.5875999571006,1627.853227259973
55.94316326190836,-3.191780053486167,ENE,55.94327806693807,-3.1915028896264137,1799.9145610730714,1682.8566100605951
55.94327806693807,-3.1915028896264137,SE,55.943065934903714,-3.191290757592058,1799.9145610730714,1681.6066100605951
55.943065934903714,-3.191290757592058,SE,55.94285380286936,-3.191078625557702,1799.9145610730714,1680.3566100605951
55.94285380286936,-3.191078625557702,ESE,55.94273899783965,-3.1908014616979488,1912.5624888916432,1763.3785129358796
55.94273899783965,-3.1908014616979488,ENE,55.94285380286936,-3.1905242978381954,1912.5624888916432,1762.1285129358796
55.94285380286936,-3.1905242978381954,ENE,55.94296860789907,-3.190247133978442,1950.3719835397962,1848.5524646285712
55.94296860789907,-3.190247133978442,NNE,55.943245771758825,-3.1901323289487324,1987.227957797104,1916.8228928984072
55.943245771758825,-3.1901323289487324,NNE,55.94352293561858,-3.190017523919023,1987.227957797104,1915.5728928984072
55.94352293561858,-3.190017523919023,NNE,55.94380009947834,-3.1899027188893134,2011.3557117632533,1989.0357853727025
55.94380009947834,-3.1899027188893134,ESE,55.94368529444863,-3.18962555502956,2011.3557117632533,1987.7857853727025
55.94368529444863,-3.18962555502956,E,55.94368529444863,-3.18932555502956,2134.4108413793297,1998.7410030432154
55.94368529444863,-3.18932555502956,SSE,55.94340813058887,-3.1892107499998503,2169.8516109016764,2063.4384517329304
55.94340813058887,-3.1892107499998503,S,55.94310813058887,-3.1892107499998503,2169.8516109016764,2062.1884517329304
55.94310813058887,-3.1892107499998503,SSW,55.94283096672911,-3.18932555502956,2200.2822196377206,2083.211395284841
55.94283096672911,-3.18932555502956,ENE,55.94294577175882,-3.1890483911698064,2200.2822196377206,2081.961395284841
55.94294577175882,-3.1890483911698064,ENE,55.94306057678853,-3.188771227310053,2200.2822196377206,2080.711395284841
55.94306057678853,-3.188771227310053,ENE,55.94317538181824,-3.1884940634502996,2200.2822196377206,2079.461395284841
55.94317538181824,-3.1884940634502996,ENE,55.94329018684795,-3.188216899590546,2301.377884614212,2134.8439991742066
