55.944425,-3.188396,SSW,55.944147836140246,-3.1885108050297095,0.0,248.75
55.944147836140246,-3.1885108050297095,SW,55.94393570410589,-3.1887229370640653,96.7260752348259,344.2260752348259
55.94393570410589,-3.1887229370640653,SW,55.943723572071534,-3.188935069098421,139.19590593677708,385.4459059367771
55.943723572071534,-3.188935069098421,W,55.943723572071534,-3.1892350690984212,221.42543944049783,466.4254394404978
55.943723572071534,-3.1892350690984212,S,55.94342357207153,-3.1892350690984212,221.42543944049783,465.1754394404978
55.94342357207153,-3.1892350690984212,SSW,55.943146408211774,-3.1893498741281308,221.42543944049783,463.9254394404978
55.943146408211774,-3.1893498741281308,S,55.94284640821177,-3.1893498741281308,339.07236417143486,580.3223641714349
55.94284640821177,-3.1893498741281308,E,55.94284640821177,-3.1890498741281306,339.07236417143486,579.0723641714349
55.94284640821177,-3.1890498741281306,E,55.94284640821177,-3.1887498741281304,339.07236417143486,577.8223641714349
55.94284640821177,-3.1887498741281304,E,55.94284640821177,-3.18844987412813,364.3934161785279,601.8934161785279
55.94284640821177,-3.18844987412813,E,55.94284640821177,-3.18814987412813,368.4849667401739,604.734966740174
55.94284640821177,-3.18814987412813,N,55.943146408211774,-3.18814987412813,368.4849667401739,603.484966740174
55.943146408211774,-3.18814987412813,N,55.94344640821178,-3.18814987412813,386.62489993658284,620.3748999365829
55.94344640821178,-3.18814987412813,SE,55.94323427617742,-3.1879377420937742,386.62489993658284,619.1248999365829
55.94323427617742,-3.1879377420937742,SE,55.943022144143065,-3.1877256100594185,386.62489993658284,617.8748999365829
55.943022144143065,-3.1877256100594185,SE,55.94281001210871,-3.1875134780250627,478.93303144531296,708.933031445313
55.94281001210871,-3.1875134780250627,NE,55.943022144143065,-3.187301345990707,478.93303144531296,707.683031445313
55.943022144143065,-3.187301345990707,NE,55.94323427617742,-3.187089213956351,577.955728242438,805.455728242438
55.94323427617742,-3.187089213956351,ESE,55.94311947114771,-3.1868120500965977,577.955728242438,804.205728242438
55.94311947114771,-3.1868120500965977,E,55.94311947114771,-3.1865120500965975,601.2564682669706,826.2564682669706
55.94311947114771,-3.1865120500965975,E,55.94311947114771,-3.1862120500965974,601.2564682669706,825.0064682669706
55.94311947114771,-3.1862120500965974,ESE,55.943004666118,-3.185934886236844,720.6787617712558,943.1787617712558
55.943004666118,-3.185934886236844,N,55.943304666118,-3.185934886236844,720.6787617712558,941.9287617712558
55.943304666118,-3.185934886236844,NE,55.94351679815236,-3.185722754202488,720.6787617712558,940.6787617712558
55.94351679815236,-3.185722754202488,N,55.94381679815236,-3.185722754202488,720.6787617712558,939.4287617712558
55.94381679815236,-3.185722754202488,N,55.944116798152365,-3.185722754202488,722.8559650733016,940.3559650733016
55.944116798152365,-3.185722754202488,N,55.94441679815237,-3.185722754202488,757.9661219003601,974.2161219003601
55.94441679815237,-3.185722754202488,NE,55.944628930186724,-3.1855106221681324,859.6929539011885,1074.6929539011885
55.944628930186724,-3.1855106221681324,WSW,55.94451412515701,-3.185787786027886,859.6929539011885,1073.4429539011885
55.94451412515701,-3.185787786027886,SW,55.94430199312266,-3.1859999180622416,967.8298588074103,1180.3298588074103
55.94430199312266,-3.1859999180622416,W,55.94430199312266,-3.1862999180622418,967.8298588074103,1179.0798588074103
55.94430199312266,-3.1862999180622418,WNW,55.94441679815237,-3.186577081921995,1003.5743025281332,1213.574302528133
55.94441679815237,-3.186577081921995,WNW,55.94453160318208,-3.1868542457817486,1003.5743025281332,1212.324302528133
55.94453160318208,-3.1868542457817486,WNW,55.94464640821179,-3.187131409641502,1003.5743025281332,1211.074302528133
55.94464640821179,-3.187131409641502,WNW,55.9447612132415,-3.1874085735012554,1003.5743025281332,1209.824302528133
55.9447612132415,-3.1874085735012554,WNW,55.94487601827121,-3.187685737361009,1007.8622220592431,1212.862222059243
55.94487601827121,-3.187685737361009,NW,55.945088150305565,-3.1878978693953646,1085.1621943193907,1288.9121943193907
55.945088150305565,-3.1878978693953646,WSW,55.944973345275855,-3.188175033255118,1151.0841873231286,1353.5841873231286
55.944973345275855,-3.188175033255118,W,55.944973345275855,-3.188475033255118,1151.0841873231286,1352.3341873231286
55.944973345275855,-3.188475033255118,WNW,55.945088150305565,-3.1887521971148716,1245.7216166176722,1445.7216166176722
55.945088150305565,-3.1887521971148716,SW,55.94487601827121,-3.1889643291492273,1245.7216166176722,1444.4716166176722
55.94487601827121,-3.1889643291492273,W,55.94487601827121,-3.1892643291492275,1245.7216166176722,1443.2216166176722
55.94487601827121,-3.1892643291492275,W,55.94487601827121,-3.1895643291492277,1329.2614204523231,1525.5114204523231
55.94487601827121,-3.1895643291492277,NW,55.945088150305565,-3.1897764611835835,1329.2614204523231,1524.2614204523231
55.945088150305565,-3.1897764611835835,NW,55.94530028233992,-3.1899885932179393,1329.2614204523231,1523.0114204523231
55.94530028233992,-3.1899885932179393,WNW,55.94541508736963,-3.1902657570776927,1329.2614204523231,1521.7614204523231
55.94541508736963,-3.1902657570776927,NW,55.94562721940399,-3.1904778891120484,1329.2614204523231,1520.5114204523231
55.94562721940399,-3.1904778891120484,WNW,55.9457420244337,-3.190755052971802,1423.49841124734,1613.49841124734
55.9457420244337,-3.190755052971802,NNE,55.946019188293455,-3.1906402479420923,1546.1780801027899,1734.9280801027899
55.946019188293455,-3.1906402479420923,SW,55.9458070562591,-3.190852379976448,1546.1780801027899,1733.6780801027899
55.9458070562591,-3.190852379976448,WSW,55.94569225122939,-3.1911295438362015,1620.336197254552,1806.586197254552
55.94569225122939,-3.1911295438362015,W,55.94569225122939,-3.1914295438362017,1620.336197254552,1805.336197254552
55.94569225122939,-3.1914295438362017,W,55.94569225122939,-3.191729543836202,1727.7896206433352,1911.5396206433352
55.94569225122939,-3.191729543836202,WSW,55.94557744619968,-3.1920067076959553,1727.7896206433352,1910.2896206433352
55.94557744619968,-3.1920067076959553,WSW,55.94546264116997,-3.1922838715557087,1848.359463584292,2029.609463584292
55.94546264116997,-3.1922838715557087,SSE,55.94518547731021,-3.192169066525999,1848.359463584292,2028.359463584292
55.94518547731021,-3.192169066525999,SSE,55.944908313450455,-3.1920542614962897,1848.359463584292,2027.109463584292
55.944908313450455,-3.1920542614962897,SSE,55.9446311495907,-3.19193945646658,1848.359463584292,2025.859463584292
55.9446311495907,-3.19193945646658,SSE,55.94435398573094,-3.1918246514368707,1945.1639239409753,2121.4139239409756
55.94435398573094,-3.1918246514368707,NE,55.9445661177653,-3.191612519402515,1945.1639239409753,2120.1639239409756
55.9445661177653,-3.191612519402515,NE,55.944778249799654,-3.191400387368159,1945.1639239409753,2118.9139239409756
55.944778249799654,-3.191400387368159,ENE,55.944893054829365,-3.1911232235084057,1998.036195148311,2170.5361951483114
55.944893054829365,-3.1911232235084057,SW,55.94468092279501,-3.1913353555427615,1998.036195148311,2169.2861951483114
55.94468092279501,-3.1913353555427615,SW,55.94446879076065,-3.1915474875771173,1998.036195148311,2168.0361951483114
55.94446879076065,-3.1915474875771173,SW,55.944256658726296,-3.191759619611473,1998.036195148311,2166.7861951483114
55.944256658726296,-3.191759619611473,SSW,55.94397949486654,-3.1918744246411825,1998.036195148311,2165.5361951483114
55.94397949486654,-3.1918744246411825,SW,55.94376736283218,-3.1920865566755383,1998.036195148311,2164.2861951483114
55.94376736283218,-3.1920865566755383,SSW,55.94349019897243,-3.192201361705248,1998.036195148311,2163.0361951483114
55.94349019897243,-3.192201361705248,SW,55.94327806693807,-3.1924134937396036,2068.540053678359,2232.2900536783595
55.94327806693807,-3.1924134937396036,ENE,55.94339287196778,-3.19213632987985,2068.540053678359,2231.0400536783595
55.94339287196778,-3.19213632987985,ENE,55.94350767699749,-3.191859166020097,2068.540053678359,2229.7900536783595
55.94350767699749,-3.191859166020097,ENE,55.9436224820272,-3.1915820021603434,2068.540053678359,2228.5400536783595
55.9436224820272,-3.1915820021603434,ENE,55.94373728705691,-3.19130483830059,2068.540053678359,2227.2900536783595
55.94373728705691,-3.19130483830059,ENE,55.94385209208662,-3.1910276744408366,2068.540053678359,2226.0400536783595
55.94385209208662,-3.1910276744408366,NE,55.94406422412098,-3.190815542406481,2068.540053678359,2224.7900536783595
55.94406422412098,-3.190815542406481,ENE,55.94417902915069,-3.1905383785467274,2068.540053678359,2223.5400536783595
55.94417902915069,-3.1905383785467274,E,55.94417902915069,-3.190238378546727,2068.540053678359,2222.2900536783595
55.94417902915069,-3.190238378546727,ENE,55.9442938341804,-3.189961214686974,2068.540053678359,2221.0400536783595
55.9442938341804,-3.189961214686974,ENE,55.94440863921011,-3.1896840508272204,2068.540053678359,2219.7900536783595
55.94440863921011,-3.1896840508272204,NE,55.944620771244466,-3.1894719187928646,2068.540053678359,2218.5400536783595
55.944620771244466,-3.1894719187928646,NE,55.94483290327882,-3.189259786758509,2068.540053678359,2217.2900536783595
55.94483290327882,-3.189259786758509,ENE,55.94494770830853,-3.1889826228987554,2068.540053678359,2216.0400536783595
55.94494770830853,-3.1889826228987554,NE,55.94515984034289,-3.1887704908643997,2068.540053678359,2214.7900536783595
55.94515984034289,-3.1887704908643997,ENE,55.9452746453726,-3.1884933270046463,2068.540053678359,2213.5400536783595
55.9452746453726,-3.1884933270046463,NE,55.945486777406956,-3.1882811949702905,2068.540053678359,2212.2900536783595
55.945486777406956,-3.1882811949702905,ENE,55.945601582436666,-3.188004031110537,2068.540053678359,2211.0400536783595
55.945601582436666,-3.188004031110537,NE,55.94581371447102,-3.1877918990761813,2068.540053678359,2209.7900536783595
55.94581371447102,-3.1877918990761813,ENE,55.94592851950073,-3.187514735216428,2068.540053678359,2208.5400536783595
55.94592851950073,-3.187514735216428,NE,55.94614065153509,-3.187302603182072,2093.388596134998,2232.1385961349984
55.94614065153509,-3.187302603182072,ESE,55.94602584650538,-3.1870254393223187,2093.388596134998,2230.8885961349984
55.94602584650538,-3.1870254393223187,ESE,55.94591104147567,-3.1867482754625653,2093.388596134998,2229.6385961349984
55.94591104147567,-3.1867482754625653,E,55.94591104147567,-3.186448275462565,2212.669986224301,2347.6699862243013
55.94591104147567,-3.186448275462565,ESE,55.94579623644596,-3.1861711116028117,2212.669986224301,2346.4199862243013
55.94579623644596,-3.1861711116028117,ESE,55.94568143141625,-3.1858939477430583,2212.669986224301,2345.1699862243013
55.94568143141625,-3.1858939477430583,ESE,55.94556662638654,-3.185616783883305,2212.669986224301,2343.9199862243013
55.94556662638654,-3.185616783883305,ESE,55.945451821356826,-3.1853396200235515,2212.669986224301,2342.6699862243013
55.945451821356826,-3.1853396200235515,ESE,55.945337016327116,-3.185062456163798,2215.8089417186006,2344.558941718601
55.945337016327116,-3.185062456163798,NE,55.94554914836147,-3.1848503241294424,2215.8089417186006,2343.308941718601
55.94554914836147,-3.1848503241294424,ENE,55.94566395339118,-3.184573160269689,2235.8100183410616,2362.060018341062
55.94566395339118,-3.184573160269689,NE,55.94587608542554,-3.184361028235333,2262.844319056725,2387.8443190567255
55.94587608542554,-3.184361028235333,NNW,55.946153249285295,-3.1844758332650427,2262.844319056725,2386.5943190567255
55.946153249285295,-3.1844758332650427,S,55.94585324928529,-3.1844758332650427,2344.6193044504234,2467.119304450424
55.94585324928529,-3.1844758332650427,S,55.94555324928529,-3.1844758332650427,2344.6193044504234,2465.869304450424
55.94555324928529,-3.1844758332650427,S,55.94525324928529,-3.1844758332650427,2376.4064482717445,2496.406448271745
55.94525324928529,-3.1844758332650427,SSW,55.94497608542553,-3.184590638294752,2376.4064482717445,2495.156448271745
55.94497608542553,-3.184590638294752,SSW,55.944698921565774,-3.1847054433244617,2492.088328115245,2609.5883281152455
55.944698921565774,-3.1847054433244617,NNE,55.94497608542553,-3.184590638294752,2492.088328115245,2608.3383281152455
55.94497608542553,-3.184590638294752,SSW,55.944698921565774,-3.1847054433244617,2492.088328115245,2607.0883281152455
55.944698921565774,-3.1847054433244617,NNE,55.94497608542553,-3.184590638294752,2492.088328115245,2605.8383281152455
55.94497608542553,-3.184590638294752,SSW,55.944698921565774,-3.1847054433244617,2492.088328115245,2604.5883281152455
55.944698921565774,-3.1847054433244617,NNE,55.94497608542553,-3.184590638294752,2492.088328115245,2603.3383281152455
55.94497608542553,-3.184590638294752,SSW,55.944698921565774,-3.1847054433244617,2492.088328115245,2602.0883281152455
55.944698921565774,-3.1847054433244617,NNE,55.94497608542553,-3.184590638294752,2492.088328115245,2600.8383281152455
55.94497608542553,-3.184590638294752,SSW,55.944698921565774,-3.1847054433244617,2492.088328115245,2599.5883281152455
55.944698921565774,-3.1847054433244617,NNE,55.94497608542553,-3.184590638294752,2492.088328115245,2598.3383281152455
55.94497608542553,-3.184590638294752,SSW,55.944698921565774,-3.1847054433244617,2492.088328115245,2597.0883281152455
55.944698921565774,-3.1847054433244617,NNE,55.94497608542553,-3.184590638294752,2492.088328115245,2595.8383281152455
55.94497608542553,-3.184590638294752,SSW,55.944698921565774,-3.1847054433244617,2492.088328115245,2594.5883281152455
55.944698921565774,-3.1847054433244617,NNE,55.94497608542553,-3.184590638294752,2492.088328115245,2593.3383281152455
55.94497608542553,-3.184590638294752,SSW,55.944698921565774,-3.1847054433244617,2492.088328115245,2592.0883281152455
55.944698921565774,-3.1847054433244617,NNE,55.94497608542553,-3.184590638294752,2492.088328115245,2590.8383281152455
55.94497608542553,-3.184590638294752,SSW,55.944698921565774,-3.1847054433244617,2492.088328115245,2589.5883281152455
55.944698921565774,-3.1847054433244617,NNE,55.94497608542553,-3.184590638294752,2492.088328115245,2588.3383281152455
55.94497608542553,-3.184590638294752,SSW,55.944698921565774,-3.1847054433244617,2492.088328115245,2587.0883281152455
55.944698921565774,-3.1847054433244617,NNE,55.94497608542553,-3.184590638294752,2492.088328115245,2585.8383281152455
55.94497608542553,-3.184590638294752,SSW,55.944698921565774,-3.1847054433244617,2492.088328115245,2584.5883281152455
55.944698921565774,-3.1847054433244617,NNE,55.94497608542553,-3.184590638294752,2492.088328115245,2583.3383281152455
55.94497608542553,-3.184590638294752,SSW,55.944698921565774,-3.1847054433244617,2492.088328115245,2582.0883281152455
55.944698921565774,-3.1847054433244617,NNE,55.94497608542553,-3.184590638294752,2492.088328115245,2580.8383281152455
55.94497608542553,-3.184590638294752,SSW,55.944698921565774,-3.1847054433244617,2492.088328115245,2579.5883281152455
55.944698921565774,-3.1847054433244617,NNE,55.94497608542553,-3.184590638294752,2492.088328115245,2578.3383281152455
55.94497608542553,-3.184590638294752,SSW,55.944698921565774,-3.1847054433244617,2492.088328115245,2577.0883281152455
55.944698921565774,-3.1847054433244617,NNE,55.94497608542553,-3.184590638294752,2492.088328115245,2575.8383281152455
55.94497608542553,-3.184590638294752,SSW,55.944698921565774,-3.1847054433244617,2492.088328115245,2574.5883281152455
55.944698921565774,-3.1847054433244617,NNE,55.94497608542553,-3.184590638294752,2492.088328115245,2573.3383281152455
55.94497608542553,-3.184590638294752,SSW,55.944698921565774,-3.1847054433244617,2492.088328115245,2572.0883281152455
55.944698921565774,-3.1847054433244617,NNE,55.94497608542553,-3.184590638294752,2492.088328115245,2570.8383281152455
55.94497608542553,-3.184590638294752,SSW,55.944698921565774,-3.1847054433244617,2492.088328115245,2569.5883281152455
55.944698921565774,-3.1847054433244617,NNE,55.94497608542553,-3.184590638294752,2492.088328115245,2568.3383281152455
55.94497608542553,-3.184590638294752,SSW,55.944698921565774,-3.1847054433244617,2492.088328115245,2567.0883281152455
55.944698921565774,-3.1847054433244617,NNE,55.94497608542553,-3.184590638294752,2492.088328115245,2565.8383281152455
55.94497608542553,-3.184590638294752,SSW,55.944698921565774,-3.1847054433244617,2492.088328115245,2564.5883281152455
55.944698921565774,-3.1847054433244617,NNE,55.94497608542553,-3.184590638294752,2492.088328115245,2563.3383281152455
55.94497608542553,-3.184590638294752,SSW,55.944698921565774,-3.1847054433244617,2492.088328115245,2562.0883281152455
55.944698921565774,-3.1847054433244617,NNE,55.94497608542553,-3.184590638294752,2492.088328115245,2560.8383281152455
55.94497608542553,-3.184590638294752,SSW,55.944698921565774,-3.1847054433244617,2492.088328115245,2559.5883281152455
55.944698921565774,-3.1847054433244617,NNE,55.94497608542553,-3.184590638294752,2492.088328115245,2558.3383281152455
55.94497608542553,-3.184590638294752,SSW,55.944698921565774,-3.1847054433244617,2492.088328115245,2557.0883281152455
55.944698921565774,-3.1847054433244617,NNE,55.94497608542553,-3.184590638294752,2492.088328115245,2555.8383281152455
55.94497608542553,-3.184590638294752,SSW,55.944698921565774,-3.1847054433244617,2492.088328115245,2554.5883281152455
55.944698921565774,-3.1847054433244617,NNE,55.94497608542553,-3.184590638294752,2492.088328115245,2553.3383281152455
55.94497608542553,-3.184590638294752,SSW,55.944698921565774,-3.1847054433244617,2492.088328115245,2552.0883281152455
55.944698921565774,-3.1847054433244617,NNE,55.94497608542553,-3.184590638294752,2492.088328115245,2550.8383281152455
55.94497608542553,-3.184590638294752,SSW,55.944698921565774,-3.1847054433244617,2492.088328115245,2549.5883281152455
55.944698921565774,-3.1847054433244617,NNE,55.94497608542553,-3.184590638294752,2492.088328115245,2548.3383281152455
55.94497608542553,-3.184590638294752,SSW,55.944698921565774,-3.1847054433244617,2492.088328115245,2547.0883281152455
55.944698921565774,-3.1847054433244617,NNE,55.94497608542553,-3.184590638294752,2492.088328115245,2545.8383281152455
55.94497608542553,-3.184590638294752,SSW,55.944698921565774,-3.1847054433244617,2492.088328115245,2544.5883281152455
55.944698921565774,-3.1847054433244617,NNE,55.94497608542553,-3.184590638294752,2492.088328115245,2543.3383281152455
55.94497608542553,-3.184590638294752,SSW,55.944698921565774,-3.1847054433244617,2492.088328115245,2542.0883281152455
55.944698921565774,-3.1847054433244617,NNE,55.94497608542553,-3.184590638294752,2492.088328115245,2540.8383281152455
55.94497608542553,-3.184590638294752,SSW,55.944698921565774,-3.1847054433244617,2492.088328115245,2539.5883281152455
55.944698921565774,-3.1847054433244617,NNE,55.94497608542553,-3.184590638294752,2492.088328115245,2538.3383281152455
55.94497608542553,-3.184590638294752,SSW,55.944698921565774,-3.1847054433244617,2492.088328115245,2537.0883281152455
55.944698921565774,-3.1847054433244617,NNE,55.94497608542553,-3.184590638294752,2492.088328115245,2535.8383281152455
55.94497608542553,-3.184590638294752,SSW,55.944698921565774,-3.1847054433244617,2492.088328115245,2534.5883281152455
55.944698921565774,-3.1847054433244617,NNE,55.94497608542553,-3.184590638294752,2492.088328115245,2533.3383281152455
55.94497608542553,-3.184590638294752,SSW,55.944698921565774,-3.1847054433244617,2492.088328115245,2532.0883281152455
55.944698921565774,-3.1847054433244617,NNE,55.94497608542553,-3.184590638294752,2492.088328115245,2530.8383281152455
55.94497608542553,-3.184590638294752,SSW,55.944698921565774,-3.1847054433244617,2492.088328115245,2529.5883281152455
55.944698921565774,-3.1847054433244617,NNE,55.94497608542553,-3.184590638294752,2492.088328115245,2528.3383281152455
55.94497608542553,-3.184590638294752,SSW,55.944698921565774,-3.1847054433244617,2492.088328115245,2527.0883281152455
55.944698921565774,-3.1847054433244617,NNE,55.94497608542553,-3.184590638294752,2492.088328115245,2525.8383281152455
55.94497608542553,-3.184590638294752,SSW,55.944698921565774,-3.1847054433244617,2492.088328115245,2524.5883281152455
55.944698921565774,-3.1847054433244617,NNE,55.94497608542553,-3.184590638294752,2492.088328115245,2523.3383281152455
55.94497608542553,-3.184590638294752,SSW,55.944698921565774,-3.1847054433244617,2492.088328115245,2522.0883281152455
55.944698921565774,-3.1847054433244617,NNE,55.94497608542553,-3.184590638294752,2492.088328115245,2520.8383281152455
55.94497608542553,-3.184590638294752,SSW,55.944698921565774,-3.1847054433244617,2492.088328115245,2519.5883281152455
55.944698921565774,-3.1847054433244617,NNE,55.94497608542553,-3.184590638294752,2492.088328115245,2518.3383281152455
55.94497608542553,-3.184590638294752,SSW,55.944698921565774,-3.1847054433244617,2492.088328115245,2517.0883281152455
55.944698921565774,-3.1847054433244617,NNE,55.94497608542553,-3.184590638294752,2492.088328115245,2515.8383281152455
55.94497608542553,-3.184590638294752,SSW,55.944698921565774,-3.1847054433244617,2492.088328115245,2514.5883281152455
55.944698921565774,-3.1847054433244617,NNE,55.94497608542553,-3.184590638294752,2492.088328115245,2513.3383281152455
55.94497608542553,-3.184590638294752,SSW,55.944698921565774,-3.1847054433244617,2492.088328115245,2512.0883281152455
55.944698921565774,-3.1847054433244617,NNE,55.94497608542553,-3.184590638294752,2492.088328115245,2510.8383281152455
55.94497608542553,-3.184590638294752,SSW,55.944698921565774,-3.1847054433244617,2492.088328115245,2509.5883281152455
55.944698921565774,-3.1847054433244617,NNE,55.94497608542553,-3.184590638294752,2492.088328115245,2508.3383281152455
55.94497608542553,-3.184590638294752,SSW,55.944698921565774,-3.1847054433244617,2492.088328115245,2507.0883281152455
55.944698921565774,-3.1847054433244617,NNE,55.94497608542553,-3.184590638294752,2492.088328115245,2505.8383281152455
55.94497608542553,-3.184590638294752,SSW,55.944698921565774,-3.1847054433244617,2492.088328115245,2504.5883281152455
55.944698921565774,-3.1847054433244617,NNE,55.94497608542553,-3.184590638294752,2492.088328115245,2503.3383281152455
55.94497608542553,-3.184590638294752,SSW,55.944698921565774,-3.1847054433244617,2492.088328115245,2502.0883281152455
55.944698921565774,-3.1847054433244617,NNE,55.94497608542553,-3.184590638294752,2492.088328115245,2500.8383281152455
55.94497608542553,-3.184590638294752,SSW,55.944698921565774,-3.1847054433244617,2492.088328115245,2499.5883281152455
55.944698921565774,-3.1847054433244617,NNE,55.94497608542553,-3.184590638294752,2492.088328115245,2498.3383281152455
55.94497608542553,-3.184590638294752,SSW,55.944698921565774,-3.1847054433244617,2492.088328115245,2497.0883281152455
55.944698921565774,-3.1847054433244617,NNE,55.94497608542553,-3.184590638294752,2492.088328115245,2495.8383281152455
55.94497608542553,-3.184590638294752,SSW,55.944698921565774,-3.1847054433244617,2492.088328115245,2494.5883281152455
55.944698921565774,-3.1847054433244617,NNE,55.94497608542553,-3.184590638294752,2492.088328115245,2493.3383281152455
55.94497608542553,-3.184590638294752,SSW,55.944698921565774,-3.1847054433244617,2492.088328115245,2492.0883281152455
55.944698921565774,-3.1847054433244617,NNE,55.94497608542553,-3.184590638294752,2492.088328115245,2490.8383281152455
55.94497608542553,-3.184590638294752,SSW,55.944698921565774,-3.1847054433244617,2492.088328115245,2489.5883281152455
55.944698921565774,-3.1847054433244617,NNE,55.94497608542553,-3.184590638294752,2492.088328115245,2488.3383281152455
55.94497608542553,-3.184590638294752,SSW,55.944698921565774,-3.1847054433244617,2492.088328115245,2487.0883281152455
55.944698921565774,-3.1847054433244617,NNE,55.94497608542553,-3.184590638294752,2492.088328115245,2485.8383281152455
55.94497608542553,-3.184590638294752,SSW,55.944698921565774,-3.1847054433244617,2492.088328115245,2484.5883281152455
55.944698921565774,-3.1847054433244617,NNE,55.94497608542553,-3.184590638294752,2492.088328115245,2483.3383281152455
55.94497608542553,-3.184590638294752,SSW,55.944698921565774,-3.1847054433244617,2492.088328115245,2482.0883281152455
55.944698921565774,-3.1847054433244617,NNE,55.94497608542553,-3.184590638294752,2492.088328115245,2480.8383281152455
55.94497608542553,-3.184590638294752,SSW,55.944698921565774,-3.1847054433244617,2492.088328115245,2479.5883281152455
55.944698921565774,-3.1847054433244617,NNE,55.94497608542553,-3.184590638294752,2492.088328115245,2478.3383281152455
55.94497608542553,-3.184590638294752,SSW,55.944698921565774,-3.1847054433244617,2492.088328115245,2477.0883281152455
55.944698921565774,-3.1847054433244617,NNE,55.94497608542553,-3.184590638294752,2492.088328115245,2475.8383281152455
55.94497608542553,-3.184590638294752,SSW,55.944698921565774,-3.1847054433244617,2492.088328115245,2474.5883281152455
55.944698921565774,-3.1847054433244617,NNE,55.94497608542553,-3.184590638294752,2492.088328115245,2473.3383281152455
55.94497608542553,-3.184590638294752,SSW,55.944698921565774,-3.1847054433244617,2492.088328115245,2472.0883281152455
55.944698921565774,-3.1847054433244617,NNE,55.94497608542553,-3.184590638294752,2492.088328115245,2470.8383281152455
55.94497608542553,-3.184590638294752,SSW,55.944698921565774,-3.1847054433244617,2492.088328115245,2469.5883281152455
55.944698921565774,-3.1847054433244617,NNE,55.94497608542553,-3.184590638294752,2492.088328115245,2468.3383281152455
55.94497608542553,-3.184590638294752,SSW,55.944698921565774,-3.1847054433244617,2492.088328115245,2467.0883281152455
55.944698921565774,-3.1847054433244617,NNE,55.94497608542553,-3.184590638294752,2492.088328115245,2465.8383281152455
55.94497608542553,-3.184590638294752,SSW,55.944698921565774,-3.1847054433244617,2492.088328115245,2464.5883281152455
55.944698921565774,-3.1847054433244617,NNE,55.94497608542553,-3.184590638294752,2492.088328115245,2463.3383281152455
55.94497608542553,-3.184590638294752,SSW,55.944698921565774,-3.1847054433244617,2492.088328115245,2462.0883281152455
55.944698921565774,-3.1847054433244617,NNE,55.94497608542553,-3.184590638294752,2492.088328115245,2460.8383281152455
55.94497608542553,-3.184590638294752,SSW,55.944698921565774,-3.1847054433244617,2492.088328115245,2459.5883281152455
55.944698921565774,-3.1847054433244617,NNE,55.94497608542553,-3.184590638294752,2492.088328115245,2458.3383281152455
55.94497608542553,-3.184590638294752,SSW,55.944698921565774,-3.1847054433244617,2492.088328115245,2457.0883281152455
55.944698921565774,-3.1847054433244617,NNE,55.94497608542553,-3.184590638294752,2492.088328115245,2455.8383281152455
55.94497608542553,-3.184590638294752,SSW,55.944698921565774,-3.1847054433244617,2492.088328115245,2454.5883281152455
55.944698921565774,-3.1847054433244617,NNE,55.94497608542553,-3.184590638294752,2492.088328115245,2453.3383281152455
55.94497608542553,-3.184590638294752,SSW,55.944698921565774,-3.1847054433244617,2492.088328115245,2452.0883281152455
55.944698921565774,-3.1847054433244617,NNE,55.94497608542553,-3.184590638294752,2492.088328115245,2450.8383281152455
55.94497608542553,-3.184590638294752,SSW,55.944698921565774,-3.1847054433244617,2492.088328115245,2449.5883281152455
55.944698921565774,-3.1847054433244617,NNE,55.94497608542553,-3.184590638294752,2492.088328115245,2448.3383281152455
55.94497608542553,-3.184590638294752,SSW,55.944698921565774,-3.1847054433244617,2492.088328115245,2447.0883281152455
55.944698921565774,-3.1847054433244617,NNE,55.94497608542553,-3.184590638294752,2492.088328115245,2445.8383281152455
55.94497608542553,-3.184590638294752,SSW,55.944698921565774,-3.1847054433244617,2492.088328115245,2444.5883281152455
55.944698921565774,-3.1847054433244617,NNE,55.94497608542553,-3.184590638294752,2492.088328115245,2443.3383281152455
55.94497608542553,-3.184590638294752,SSW,55.944698921565774,-3.1847054433244617,2492.088328115245,2442.0883281152455
55.944698921565774,-3.1847054433244617,NNE,55.94497608542553,-3.184590638294752,2492.088328115245,2440.8383281152455
55.94497608542553,-3.184590638294752,SSW,55.944698921565774,-3.1847054433244617,2492.088328115245,2439.5883281152455
55.944698921565774,-3.1847054433244617,NNE,55.94497608542553,-3.184590638294752,2492.088328115245,2438.3383281152455
55.94497608542553,-3.184590638294752,SSW,55.944698921565774,-3.1847054433244617,2492.088328115245,2437.0883281152455
55.944698921565774,-3.1847054433244617,NNE,55.94497608542553,-3.184590638294752,2492.088328115245,2435.8383281152455
55.94497608542553,-3.184590638294752,SSW,55.944698921565774,-3.1847054433244617,2492.088328115245,2434.5883281152455
55.944698921565774,-3.1847054433244617,NNE,55.94497608542553,-3.184590638294752,2492.088328115245,2433.3383281152455
55.94497608542553,-3.184590638294752,SSW,55.944698921565774,-3.1847054433244617,2492.088328115245,2432.0883281152455
55.944698921565774,-3.1847054433244617,NNE,55.94497608542553,-3.184590638294752,2492.088328115245,2430.8383281152455
55.94497608542553,-3.184590638294752,SSW,55.944698921565774,-3.1847054433244617,2492.088328115245,2429.5883281152455
