55.944425,-3.188396,NNW,55.94470216385976,-3.1885108050297095,0.0,248.75
55.94470216385976,-3.1885108050297095,S,55.944402163859756,-3.1885108050297095,0.0,247.5
55.944402163859756,-3.1885108050297095,SE,55.9441900318254,-3.1882986729953537,0.0,246.25
55.9441900318254,-3.1882986729953537,SSE,55.94391286796564,-3.1881838679656442,0.0,245.0
55.94391286796564,-3.1881838679656442,S,55.94361286796564,-3.1881838679656442,104.51013719713016,348.2601371971302
55.94361286796564,-3.1881838679656442,E,55.94361286796564,-3.187883867965644,168.52856700924153,411.02856700924156
55.94361286796564,-3.187883867965644,E,55.94361286796564,-3.187583867965644,233.07642482445186,474.3264248244519
55.94361286796564,-3.187583867965644,WSW,55.94349806293593,-3.1878610318253973,233.07642482445186,473.0764248244519
55.94349806293593,-3.1878610318253973,SSE,55.943220899076174,-3.1877462267956878,284.5641404831732,523.3141404831732
55.943220899076174,-3.1877462267956878,N,55.94352089907618,-3.1877462267956878,284.5641404831732,522.0641404831732
55.94352089907618,-3.1877462267956878,NNW,55.94379806293593,-3.1878610318253973,284.5641404831732,520.8141404831732
55.94379806293593,-3.1878610318253973,NE,55.94401019497029,-3.1876488997910415,284.5641404831732,519.5641404831732
55.94401019497029,-3.1876488997910415,SW,55.94379806293593,-3.1878610318253973,284.5641404831732,518.3141404831732
55.94379806293593,-3.1878610318253973,SE,55.94358593090158,-3.1876488997910415,284.5641404831732,517.0641404831732
55.94358593090158,-3.1876488997910415,ENE,55.94370073593129,-3.187371735931288,284.5641404831732,515.8141404831732
55.94370073593129,-3.187371735931288,SSW,55.94342357207153,-3.1874865409609976,284.5641404831732,514.5641404831732
55.94342357207153,-3.1874865409609976,SSW,55.943146408211774,-3.187601345990707,284.5641404831732,513.3141404831732
55.943146408211774,-3.187601345990707,SSE,55.94286924435202,-3.1874865409609976,346.80754478883625,574.3075447888363
55.94286924435202,-3.1874865409609976,SE,55.94265711231766,-3.187274408926642,346.80754478883625,573.0575447888363
55.94265711231766,-3.187274408926642,W,55.94265711231766,-3.187574408926642,346.80754478883625,571.8075447888363
55.94265711231766,-3.187574408926642,W,55.94265711231766,-3.187874408926642,346.80754478883625,570.5575447888363
55.94265711231766,-3.187874408926642,NW,55.94286924435202,-3.188086540960998,346.80754478883625,569.3075447888363
55.94286924435202,-3.188086540960998,SW,55.94265711231766,-3.1882986729953537,346.80754478883625,568.0575447888363
55.94265711231766,-3.1882986729953537,W,55.94265711231766,-3.188598672995354,346.80754478883625,566.8075447888363
55.94265711231766,-3.188598672995354,WNW,55.94277191734737,-3.1888758368551073,346.80754478883625,565.5575447888363
55.94277191734737,-3.1888758368551073,WNW,55.94288672237708,-3.1891530007148607,413.0180027368734,630.5180027368734
55.94288672237708,-3.1891530007148607,E,55.94288672237708,-3.1888530007148606,413.0180027368734,629.2680027368734
55.94288672237708,-3.1888530007148606,W,55.94288672237708,-3.1891530007148607,413.0180027368734,628.0180027368734
55.94288672237708,-3.1891530007148607,E,55.94288672237708,-3.1888530007148606,413.0180027368734,626.7680027368734
55.94288672237708,-3.1888530007148606,SE,55.942674590342726,-3.188640868680505,413.0180027368734,625.5180027368734
55.942674590342726,-3.188640868680505,W,55.942674590342726,-3.188940868680505,413.0180027368734,624.2680027368734
55.942674590342726,-3.188940868680505,NE,55.94288672237708,-3.188728736646149,413.0180027368734,623.0180027368734
55.94288672237708,-3.188728736646149,SW,55.942674590342726,-3.188940868680505,413.0180027368734,621.7680027368734
55.942674590342726,-3.188940868680505,W,55.942674590342726,-3.189240868680505,413.0180027368734,620.5180027368734
55.942674590342726,-3.189240868680505,N,55.94297459034273,-3.189240868680505,413.0180027368734,619.2680027368734
55.94297459034273,-3.189240868680505,ESE,55.94285978531302,-3.1889637048207518,413.0180027368734,618.0180027368734
55.94285978531302,-3.1889637048207518,SW,55.94264765327866,-3.1891758368551075,413.0180027368734,616.7680027368734
55.94264765327866,-3.1891758368551075,W,55.94264765327866,-3.1894758368551077,413.0180027368734,615.5180027368734
55.94264765327866,-3.1894758368551077,W,55.94264765327866,-3.189775836855108,413.0180027368734,614.2680027368734
55.94264765327866,-3.189775836855108,NNW,55.94292481713842,-3.1898906418848174,484.98749481603136,684.9874948160314
55.94292481713842,-3.1898906418848174,WNW,55.94303962216813,-3.190167805744571,595.0575979209669,793.8075979209669
55.94303962216813,-3.190167805744571,N,55.94333962216813,-3.190167805744571,595.0575979209669,792.5575979209669
55.94333962216813,-3.190167805744571,E,55.94333962216813,-3.1898678057445706,597.0465169068484,793.2965169068484
55.94333962216813,-3.1898678057445706,NNE,55.94361678602789,-3.189753000714861,659.6672964494152,854.6672964494152
55.94361678602789,-3.189753000714861,ESE,55.94350198099818,-3.1894758368551077,659.6672964494152,853.4172964494152
55.94350198099818,-3.1894758368551077,NNE,55.943779144857935,-3.189361031825398,659.6672964494152,852.1672964494152
55.943779144857935,-3.189361031825398,S,55.94347914485793,-3.189361031825398,659.6672964494152,850.9172964494152
55.94347914485793,-3.189361031825398,N,55.943779144857935,-3.189361031825398,659.6672964494152,849.6672964494152
55.943779144857935,-3.189361031825398,SE,55.94356701282358,-3.1891488997910424,659.6672964494152,848.4172964494152
55.94356701282358,-3.1891488997910424,N,55.94386701282358,-3.1891488997910424,659.6672964494152,847.1672964494152
55.94386701282358,-3.1891488997910424,S,55.94356701282358,-3.1891488997910424,659.6672964494152,845.9172964494152
55.94356701282358,-3.1891488997910424,NW,55.943779144857935,-3.189361031825398,659.6672964494152,844.6672964494152
55.943779144857935,-3.189361031825398,NW,55.94399127689229,-3.189573163859754,659.6672964494152,843.4172964494152
55.94399127689229,-3.189573163859754,SE,55.943779144857935,-3.189361031825398,659.6672964494152,842.1672964494152
55.943779144857935,-3.189361031825398,ENE,55.943893949887645,-3.189083867965645,659.6672964494152,840.9172964494152
55.943893949887645,-3.189083867965645,NW,55.944106081922,-3.1892960000000006,659.6672964494152,839.6672964494152
55.944106081922,-3.1892960000000006,NNW,55.94438324578176,-3.18941080502971,702.2109614301803,880.9609614301803
55.94438324578176,-3.18941080502971,W,55.94438324578176,-3.1897108050297103,813.7078880773327,991.2078880773327
55.94438324578176,-3.1897108050297103,E,55.94438324578176,-3.18941080502971,813.7078880773327,989.9578880773327
55.94438324578176,-3.18941080502971,SE,55.9441711137474,-3.1891986729953543,813.7078880773327,988.7078880773327
55.9441711137474,-3.1891986729953543,SE,55.943958981713045,-3.1889865409609985,813.7078880773327,987.4578880773327
55.943958981713045,-3.1889865409609985,NNE,55.9442361455728,-3.188871735931289,813.7078880773327,986.2078880773327
55.9442361455728,-3.188871735931289,S,55.9439361455728,-3.188871735931289,813.7078880773327,984.9578880773327
55.9439361455728,-3.188871735931289,ESE,55.94382134054309,-3.1885945720715356,813.7078880773327,983.7078880773327
55.94382134054309,-3.1885945720715356,E,55.94382134054309,-3.1882945720715354,813.7078880773327,982.4578880773327
55.94382134054309,-3.1882945720715354,W,55.94382134054309,-3.1885945720715356,813.7078880773327,981.2078880773327
55.94382134054309,-3.1885945720715356,E,55.94382134054309,-3.1882945720715354,813.7078880773327,979.9578880773327
55.94382134054309,-3.1882945720715354,ESE,55.94370653551338,-3.188017408211782,813.7078880773327,978.7078880773327
55.94370653551338,-3.188017408211782,WNW,55.94382134054309,-3.1882945720715354,813.7078880773327,977.4578880773327
55.94382134054309,-3.1882945720715354,E,55.94382134054309,-3.1879945720715352,813.7078880773327,976.2078880773327
55.94382134054309,-3.1879945720715352,SSW,55.94354417668333,-3.1881093771012448,813.7078880773327,974.9578880773327
55.94354417668333,-3.1881093771012448,NNE,55.94382134054309,-3.1879945720715352,813.7078880773327,973.7078880773327
55.94382134054309,-3.1879945720715352,NNW,55.944098504402845,-3.1881093771012448,813.7078880773327,972.4578880773327
55.944098504402845,-3.1881093771012448,NNE,55.9443756682626,-3.1879945720715352,813.7078880773327,971.2078880773327
55.9443756682626,-3.1879945720715352,SW,55.944163536228245,-3.188206704105891,813.7078880773327,969.9578880773327
55.944163536228245,-3.188206704105891,NE,55.9443756682626,-3.1879945720715352,813.7078880773327,968.7078880773327
55.9443756682626,-3.1879945720715352,NNW,55.94465283212236,-3.1881093771012448,813.7078880773327,967.4578880773327
55.94465283212236,-3.1881093771012448,E,55.94465283212236,-3.1878093771012446,813.7078880773327,966.2078880773327
55.94465283212236,-3.1878093771012446,W,55.94465283212236,-3.1881093771012448,813.7078880773327,964.9578880773327
55.94465283212236,-3.1881093771012448,NNW,55.944929995982115,-3.1882241821309543,813.7078880773327,963.7078880773327
55.944929995982115,-3.1882241821309543,SW,55.94471786394776,-3.18843631416531,813.7078880773327,962.4578880773327
55.94471786394776,-3.18843631416531,SSW,55.944440700088,-3.1885511191950195,813.7078880773327,961.2078880773327
55.944440700088,-3.1885511191950195,WSW,55.94432589505829,-3.188828283054773,813.7078880773327,959.9578880773327
55.94432589505829,-3.188828283054773,S,55.94402589505829,-3.188828283054773,813.7078880773327,958.7078880773327
55.94402589505829,-3.188828283054773,SE,55.94381376302393,-3.188616151020417,813.7078880773327,957.4578880773327
55.94381376302393,-3.188616151020417,ENE,55.94392856805364,-3.1883389871606638,813.7078880773327,956.2078880773327
55.94392856805364,-3.1883389871606638,ESE,55.94381376302393,-3.1880618233009104,813.7078880773327,954.9578880773327
55.94381376302393,-3.1880618233009104,ENE,55.94392856805364,-3.187784659441157,813.7078880773327,953.7078880773327
55.94392856805364,-3.187784659441157,SSE,55.943651404193886,-3.1876698544114475,813.7078880773327,952.4578880773327
55.943651404193886,-3.1876698544114475,E,55.943651404193886,-3.1873698544114473,813.7078880773327,951.2078880773327
55.943651404193886,-3.1873698544114473,WSW,55.943536599164176,-3.1876470182712007,813.7078880773327,949.9578880773327
55.943536599164176,-3.1876470182712007,SE,55.94332446712982,-3.187434886236845,813.7078880773327,948.7078880773327
55.94332446712982,-3.187434886236845,SSW,55.94304730327006,-3.1875496912665544,813.7078880773327,947.4578880773327
55.94304730327006,-3.1875496912665544,E,55.94304730327006,-3.187249691266554,813.7078880773327,946.2078880773327
55.94304730327006,-3.187249691266554,NNW,55.94332446712982,-3.1873644962962637,813.7078880773327,944.9578880773327
55.94332446712982,-3.1873644962962637,NNW,55.943601630989576,-3.1874793013259732,813.7078880773327,943.7078880773327
55.943601630989576,-3.1874793013259732,SE,55.94338949895522,-3.1872671692916175,813.7078880773327,942.4578880773327
55.94338949895522,-3.1872671692916175,SSW,55.94311233509546,-3.187381974321327,813.7078880773327,941.2078880773327
55.94311233509546,-3.187381974321327,WSW,55.94299753006575,-3.1876591381810804,813.7078880773327,939.9578880773327
55.94299753006575,-3.1876591381810804,E,55.94299753006575,-3.18735913818108,813.7078880773327,938.7078880773327
55.94299753006575,-3.18735913818108,WSW,55.94288272503604,-3.1876363020408336,813.7078880773327,937.4578880773327
55.94288272503604,-3.1876363020408336,SW,55.94267059300169,-3.1878484340751894,813.7078880773327,936.2078880773327
55.94267059300169,-3.1878484340751894,NW,55.94288272503604,-3.188060566109545,813.7078880773327,934.9578880773327
55.94288272503604,-3.188060566109545,SW,55.94267059300169,-3.188272698143901,813.7078880773327,933.7078880773327
55.94267059300169,-3.188272698143901,E,55.94267059300169,-3.1879726981439007,813.7078880773327,932.4578880773327
55.94267059300169,-3.1879726981439007,W,55.94267059300169,-3.188272698143901,813.7078880773327,931.2078880773327
55.94267059300169,-3.188272698143901,WNW,55.9427853980314,-3.1885498620036543,813.7078880773327,929.9578880773327
55.9427853980314,-3.1885498620036543,WSW,55.94267059300169,-3.1888270258634077,813.7078880773327,928.7078880773327
55.94267059300169,-3.1888270258634077,W,55.94267059300169,-3.189127025863408,813.7078880773327,927.4578880773327
55.94267059300169,-3.189127025863408,W,55.94267059300169,-3.189427025863408,813.7078880773327,926.2078880773327
55.94267059300169,-3.189427025863408,E,55.94267059300169,-3.189127025863408,813.7078880773327,924.9578880773327
55.94267059300169,-3.189127025863408,W,55.94267059300169,-3.189427025863408,813.7078880773327,923.7078880773327
55.94267059300169,-3.189427025863408,W,55.94267059300169,-3.1897270258634083,813.7078880773327,922.4578880773327
55.94267059300169,-3.1897270258634083,W,55.94267059300169,-3.1900270258634085,813.7078880773327,921.2078880773327
55.94267059300169,-3.1900270258634085,ENE,55.9427853980314,-3.189749862003655,813.7078880773327,919.9578880773327
55.9427853980314,-3.189749862003655,ESE,55.94267059300169,-3.1894726981439017,813.7078880773327,918.7078880773327
55.94267059300169,-3.1894726981439017,E,55.94267059300169,-3.1891726981439015,813.7078880773327,917.4578880773327
55.94267059300169,-3.1891726981439015,WNW,55.9427853980314,-3.189449862003655,813.7078880773327,916.2078880773327
55.9427853980314,-3.189449862003655,WSW,55.94267059300169,-3.1897270258634083,813.7078880773327,914.9578880773327
55.94267059300169,-3.1897270258634083,W,55.94267059300169,-3.1900270258634085,813.7078880773327,913.7078880773327
55.94267059300169,-3.1900270258634085,W,55.94267059300169,-3.1903270258634087,813.7078880773327,912.4578880773327
55.94267059300169,-3.1903270258634087,W,55.94267059300169,-3.190627025863409,813.7078880773327,911.2078880773327
55.94267059300169,-3.190627025863409,W,55.94267059300169,-3.190927025863409,813.7078880773327,909.9578880773327
55.94267059300169,-3.190927025863409,NW,55.94288272503604,-3.191139157897765,813.7078880773327,908.7078880773327
55.94288272503604,-3.191139157897765,N,55.943182725036046,-3.191139157897765,813.7078880773327,907.4578880773327
55.943182725036046,-3.191139157897765,NW,55.9433948570704,-3.1913512899321206,813.7078880773327,906.2078880773327
55.9433948570704,-3.1913512899321206,NW,55.94360698910476,-3.1915634219664764,813.7078880773327,904.9578880773327
55.94360698910476,-3.1915634219664764,NNW,55.943884152964515,-3.191678226996186,935.3577400619137,1025.3577400619138
55.943884152964515,-3.191678226996186,SSE,55.94360698910476,-3.1915634219664764,935.3577400619137,1024.1077400619138
55.94360698910476,-3.1915634219664764,S,55.943306989104755,-3.1915634219664764,935.3577400619137,1022.8577400619138
55.943306989104755,-3.1915634219664764,E,55.943306989104755,-3.191263421966476,935.3577400619137,1021.6077400619138
55.943306989104755,-3.191263421966476,SSW,55.943029825245,-3.1913782269961857,935.3577400619137,1020.3577400619138
55.943029825245,-3.1913782269961857,N,55.943329825245,-3.1913782269961857,935.3577400619137,1019.1077400619138
55.943329825245,-3.1913782269961857,ESE,55.94321502021529,-3.1911010631364323,935.3577400619137,1017.8577400619138
55.94321502021529,-3.1911010631364323,SSE,55.942937856355535,-3.1909862581067228,935.3577400619137,1016.6077400619138
55.942937856355535,-3.1909862581067228,E,55.942937856355535,-3.1906862581067226,935.3577400619137,1015.3577400619138
55.942937856355535,-3.1906862581067226,SSW,55.94266069249578,-3.190801063136432,935.3577400619137,1014.1077400619138
55.94266069249578,-3.190801063136432,W,55.94266069249578,-3.1911010631364323,935.3577400619137,1012.8577400619138
55.94266069249578,-3.1911010631364323,W,55.94266069249578,-3.1914010631364325,935.3577400619137,1011.6077400619138
55.94266069249578,-3.1914010631364325,NE,55.942872824530134,-3.1911889311020767,935.3577400619137,1010.3577400619138
55.942872824530134,-3.1911889311020767,SE,55.94266069249578,-3.190976799067721,935.3577400619137,1009.1077400619138
55.94266069249578,-3.190976799067721,NNE,55.942937856355535,-3.1908619940380114,935.3577400619137,1007.8577400619138
55.942937856355535,-3.1908619940380114,W,55.942937856355535,-3.1911619940380116,935.3577400619137,1006.6077400619138
55.942937856355535,-3.1911619940380116,NNW,55.94321502021529,-3.191276799067721,935.3577400619137,1005.3577400619138
55.94321502021529,-3.191276799067721,S,55.94291502021529,-3.191276799067721,935.3577400619137,1004.1077400619138
55.94291502021529,-3.191276799067721,ESE,55.94280021518558,-3.1909996352079677,935.3577400619137,1002.8577400619138
55.94280021518558,-3.1909996352079677,WSW,55.94268541015587,-3.191276799067721,935.3577400619137,1001.6077400619138
55.94268541015587,-3.191276799067721,W,55.94268541015587,-3.1915767990677213,935.3577400619137,1000.3577400619138
55.94268541015587,-3.1915767990677213,W,55.94268541015587,-3.1918767990677215,935.3577400619137,999.1077400619138
55.94268541015587,-3.1918767990677215,NE,55.942897542190224,-3.1916646670333657,935.3577400619137,997.8577400619138
55.942897542190224,-3.1916646670333657,NW,55.94310967422458,-3.1918767990677215,935.3577400619137,996.6077400619138
55.94310967422458,-3.1918767990677215,SW,55.942897542190224,-3.1920889311020773,935.3577400619137,995.3577400619138
55.942897542190224,-3.1920889311020773,NNE,55.94317470604998,-3.1919741260723677,935.3577400619137,994.1077400619138
55.94317470604998,-3.1919741260723677,S,55.94287470604998,-3.1919741260723677,935.3577400619137,992.8577400619138
55.94287470604998,-3.1919741260723677,ESE,55.94275990102027,-3.1916969622126143,935.3577400619137,991.6077400619138
55.94275990102027,-3.1916969622126143,WSW,55.94264509599056,-3.1919741260723677,935.3577400619137,990.3577400619138
55.94264509599056,-3.1919741260723677,W,55.94264509599056,-3.192274126072368,935.3577400619137,989.1077400619138
55.94264509599056,-3.192274126072368,E,55.94264509599056,-3.1919741260723677,935.3577400619137,987.8577400619138
55.94264509599056,-3.1919741260723677,W,55.94264509599056,-3.192274126072368,935.3577400619137,986.6077400619138
55.94264509599056,-3.192274126072368,NNW,55.94292225985031,-3.1923889311020774,935.3577400619137,985.3577400619138
55.94292225985031,-3.1923889311020774,N,55.943222259850316,-3.1923889311020774,935.3577400619137,984.1077400619138
55.943222259850316,-3.1923889311020774,N,55.94352225985032,-3.1923889311020774,935.3577400619137,982.8577400619138
55.94352225985032,-3.1923889311020774,SSE,55.94324509599056,-3.192274126072368,935.3577400619137,981.6077400619138
55.94324509599056,-3.192274126072368,SSE,55.942967932130806,-3.1921593210426584,935.3577400619137,980.3577400619138
55.942967932130806,-3.1921593210426584,S,55.9426679321308,-3.1921593210426584,935.3577400619137,979.1077400619138
55.9426679321308,-3.1921593210426584,WNW,55.94278273716051,-3.192436484902412,935.3577400619137,977.8577400619138
55.94278273716051,-3.192436484902412,N,55.943082737160516,-3.192436484902412,935.3577400619137,976.6077400619138
55.943082737160516,-3.192436484902412,NE,55.94329486919487,-3.192224352868056,935.3577400619137,975.3577400619138
55.94329486919487,-3.192224352868056,N,55.943594869194875,-3.192224352868056,935.3577400619137,974.1077400619138
55.943594869194875,-3.192224352868056,NW,55.94380700122923,-3.192436484902412,935.3577400619137,972.8577400619138
55.94380700122923,-3.192436484902412,N,55.944107001229234,-3.192436484902412,935.3577400619137,971.6077400619138
55.944107001229234,-3.192436484902412,SSE,55.94382983736948,-3.1923216798727023,935.3577400619137,970.3577400619138
55.94382983736948,-3.1923216798727023,N,55.94412983736948,-3.1923216798727023,935.3577400619137,969.1077400619138
55.94412983736948,-3.1923216798727023,NNW,55.94440700122924,-3.192436484902412,935.3577400619137,967.8577400619138
55.94440700122924,-3.192436484902412,ENE,55.94452180625895,-3.1921593210426584,1044.0388340879583,1075.2888340879583
55.94452180625895,-3.1921593210426584,WNW,55.94463661128866,-3.192436484902412,1044.0388340879583,1074.0388340879583
55.94463661128866,-3.192436484902412,N,55.94493661128866,-3.192436484902412,1044.0388340879583,1072.7888340879583
55.94493661128866,-3.192436484902412,N,55.945236611288664,-3.192436484902412,1044.0388340879583,1071.5388340879583
55.945236611288664,-3.192436484902412,N,55.94553661128867,-3.192436484902412,1044.0388340879583,1070.2888340879583
55.94553661128867,-3.192436484902412,N,55.94583661128867,-3.192436484902412,1044.0388340879583,1069.0388340879583
55.94583661128867,-3.192436484902412,NE,55.946048743323026,-3.192224352868056,1111.0070746327285,1134.7570746327285
55.946048743323026,-3.192224352868056,E,55.946048743323026,-3.191924352868056,1143.7267707008182,1166.2267707008182
55.946048743323026,-3.191924352868056,ENE,55.946163548352736,-3.1916471890083025,1143.7267707008182,1164.9767707008182
55.946163548352736,-3.1916471890083025,SSE,55.94588638449298,-3.191532383978593,1143.7267707008182,1163.7267707008182
55.94588638449298,-3.191532383978593,W,55.94588638449298,-3.191832383978593,1143.7267707008182,1162.4767707008182
55.94588638449298,-3.191832383978593,N,55.94618638449298,-3.191832383978593,1143.7267707008182,1161.2267707008182
55.94618638449298,-3.191832383978593,E,55.94618638449298,-3.191532383978593,1143.7267707008182,1159.9767707008182
55.94618638449298,-3.191532383978593,E,55.94618638449298,-3.1912323839785928,1143.7267707008182,1158.7267707008182
55.94618638449298,-3.1912323839785928,WSW,55.94607157946327,-3.191509547838346,1143.7267707008182,1157.4767707008182
55.94607157946327,-3.191509547838346,SSW,55.945794415603515,-3.1916243528680557,1143.7267707008182,1156.2267707008182
55.945794415603515,-3.1916243528680557,NNE,55.94607157946327,-3.191509547838346,1143.7267707008182,1154.9767707008182
55.94607157946327,-3.191509547838346,ENE,55.94618638449298,-3.1912323839785928,1143.7267707008182,1153.7267707008182
55.94618638449298,-3.1912323839785928,E,55.94618638449298,-3.1909323839785926,1143.7267707008182,1152.4767707008182
55.94618638449298,-3.1909323839785926,E,55.94618638449298,-3.1906323839785924,1143.7267707008182,1151.2267707008182
55.94618638449298,-3.1906323839785924,E,55.94618638449298,-3.190332383978592,1143.7267707008182,1149.9767707008182
55.94618638449298,-3.190332383978592,E,55.94618638449298,-3.190032383978592,1143.7267707008182,1148.7267707008182
55.94618638449298,-3.190032383978592,SSE,55.945909220633226,-3.1899175789488825,1202.4574071309182,1206.2074071309182
55.945909220633226,-3.1899175789488825,SW,55.94569708859887,-3.1901297109832383,1202.4574071309182,1204.9574071309182
55.94569708859887,-3.1901297109832383,NE,55.945909220633226,-3.1899175789488825,1202.4574071309182,1203.7074071309182
55.945909220633226,-3.1899175789488825,WNW,55.946024025662936,-3.190194742808636,1202.4574071309182,1202.4574071309182
55.946024025662936,-3.190194742808636,W,55.946024025662936,-3.190494742808636,1202.4574071309182,1201.2074071309182
55.946024025662936,-3.190494742808636,ENE,55.94613883069265,-3.1902175789488827,1202.4574071309182,1199.9574071309182
55.94613883069265,-3.1902175789488827,E,55.94613883069265,-3.1899175789488825,1202.4574071309182,1198.7074071309182
55.94613883069265,-3.1899175789488825,E,55.94613883069265,-3.1896175789488823,1202.4574071309182,1197.4574071309182
55.94613883069265,-3.1896175789488823,SSE,55.94586166683289,-3.189502773919173,1202.4574071309182,1196.2074071309182
55.94586166683289,-3.189502773919173,W,55.94586166683289,-3.189802773919173,1202.4574071309182,1194.9574071309182
55.94586166683289,-3.189802773919173,SW,55.945649534798534,-3.1900149059535288,1202.4574071309182,1193.7074071309182
55.945649534798534,-3.1900149059535288,SE,55.94543740276418,-3.189802773919173,1202.4574071309182,1192.4574071309182
55.94543740276418,-3.189802773919173,SE,55.94522527072982,-3.1895906418848172,1202.4574071309182,1191.2074071309182
55.94522527072982,-3.1895906418848172,SSE,55.944948106870065,-3.1894758368551077,1202.4574071309182,1189.9574071309182
55.944948106870065,-3.1894758368551077,S,55.94464810687006,-3.1894758368551077,1202.4574071309182,1188.7074071309182
55.94464810687006,-3.1894758368551077,NNE,55.94492527072982,-3.189361031825398,1202.4574071309182,1187.4574071309182
55.94492527072982,-3.189361031825398,E,55.94492527072982,-3.189061031825398,1202.4574071309182,1186.2074071309182
55.94492527072982,-3.189061031825398,NNE,55.945202434589575,-3.1889462267956885,1254.385172105069,1236.885172105069
55.945202434589575,-3.1889462267956885,NW,55.94541456662393,-3.1891583588300443,1254.385172105069,1235.635172105069
55.94541456662393,-3.1891583588300443,WNW,55.94552937165364,-3.1894355226897977,1254.385172105069,1234.385172105069
55.94552937165364,-3.1894355226897977,NE,55.945741503688,-3.189223390655442,1254.385172105069,1233.135172105069
55.945741503688,-3.189223390655442,SSE,55.94546433982824,-3.1891085856257324,1254.385172105069,1231.885172105069
55.94546433982824,-3.1891085856257324,E,55.94546433982824,-3.188808585625732,1254.385172105069,1230.635172105069
55.94546433982824,-3.188808585625732,WSW,55.94534953479853,-3.1890857494854856,1254.385172105069,1229.385172105069
55.94534953479853,-3.1890857494854856,W,55.94534953479853,-3.189385749485486,1254.385172105069,1228.135172105069
55.94534953479853,-3.189385749485486,S,55.94504953479853,-3.189385749485486,1254.385172105069,1226.885172105069
55.94504953479853,-3.189385749485486,S,55.944749534798525,-3.189385749485486,1254.385172105069,1225.635172105069
55.944749534798525,-3.189385749485486,SSW,55.94447237093877,-3.1895005545151953,1254.385172105069,1224.385172105069
55.94447237093877,-3.1895005545151953,NE,55.944684502973125,-3.1892884224808395,1254.385172105069,1223.135172105069
55.944684502973125,-3.1892884224808395,NW,55.94489663500748,-3.1895005545151953,1254.385172105069,1221.885172105069
55.94489663500748,-3.1895005545151953,SSE,55.944619471147725,-3.189385749485486,1254.385172105069,1220.635172105069
55.944619471147725,-3.189385749485486,SE,55.94440733911337,-3.18917361745113,1254.385172105069,1219.385172105069
55.94440733911337,-3.18917361745113,NNW,55.944684502973125,-3.1892884224808395,1254.385172105069,1218.135172105069
55.944684502973125,-3.1892884224808395,NE,55.94489663500748,-3.1890762904464838,1254.385172105069,1216.885172105069
55.94489663500748,-3.1890762904464838,NNE,55.94517379886724,-3.1889614854167743,1254.385172105069,1215.635172105069
55.94517379886724,-3.1889614854167743,NNW,55.945450962726994,-3.1890762904464838,1254.385172105069,1214.385172105069
55.945450962726994,-3.1890762904464838,W,55.945450962726994,-3.189376290446484,1254.385172105069,1213.135172105069
55.945450962726994,-3.189376290446484,WSW,55.945336157697284,-3.1896534543062374,1254.385172105069,1211.885172105069
55.945336157697284,-3.1896534543062374,NW,55.94554828973164,-3.189865586340593,1254.385172105069,1210.635172105069
55.94554828973164,-3.189865586340593,WSW,55.94543348470193,-3.1901427502003465,1254.385172105069,1209.385172105069
55.94543348470193,-3.1901427502003465,SW,55.94522135266757,-3.1903548822347023,1254.385172105069,1208.135172105069
55.94522135266757,-3.1903548822347023,S,55.94492135266757,-3.1903548822347023,1325.214912272693,1277.714912272693
55.94492135266757,-3.1903548822347023,N,55.94522135266757,-3.1903548822347023,1325.214912272693,1276.464912272693
55.94522135266757,-3.1903548822347023,ENE,55.945336157697284,-3.190077718374949,1325.214912272693,1275.214912272693
55.945336157697284,-3.190077718374949,ENE,55.945450962726994,-3.1898005545151955,1325.214912272693,1273.964912272693
55.945450962726994,-3.1898005545151955,N,55.945750962727,-3.1898005545151955,1325.214912272693,1272.714912272693
55.945750962727,-3.1898005545151955,NE,55.94596309476135,-3.1895884224808397,1325.214912272693,1271.464912272693
55.94596309476135,-3.1895884224808397,WNW,55.946077899791064,-3.189865586340593,1325.214912272693,1270.214912272693
55.946077899791064,-3.189865586340593,ENE,55.946192704820774,-3.1895884224808397,1325.214912272693,1268.964912272693
55.946192704820774,-3.1895884224808397,E,55.946192704820774,-3.1892884224808395,1325.214912272693,1267.714912272693
55.946192704820774,-3.1892884224808395,S,55.94589270482077,-3.1892884224808395,1325.214912272693,1266.464912272693
55.94589270482077,-3.1892884224808395,NW,55.94610483685513,-3.1895005545151953,1325.214912272693,1265.214912272693
55.94610483685513,-3.1895005545151953,ENE,55.94621964188484,-3.189223390655442,1325.214912272693,1263.964912272693
55.94621964188484,-3.189223390655442,E,55.94621964188484,-3.1889233906554417,1325.214912272693,1262.714912272693
