55.944425,-3.188396,SSE,55.944147836140246,-3.1882811949702905,73.36938705202775,322.1193870520277
55.944147836140246,-3.1882811949702905,SE,55.94393570410589,-3.1880690629359347,73.36938705202775,320.8693870520277
55.94393570410589,-3.1880690629359347,ESE,55.94382089907618,-3.1877918990761813,73.36938705202775,319.6193870520277
55.94382089907618,-3.1877918990761813,SSE,55.94354373521642,-3.187677094046472,73.36938705202775,318.3693870520277
55.94354373521642,-3.187677094046472,SW,55.94333160318207,-3.1878892260808276,73.36938705202775,317.1193870520277
55.94333160318207,-3.1878892260808276,E,55.94333160318207,-3.1875892260808274,73.36938705202775,315.8693870520277
55.94333160318207,-3.1875892260808274,W,55.94333160318207,-3.1878892260808276,73.36938705202775,314.6193870520277
55.94333160318207,-3.1878892260808276,WSW,55.943216798152356,-3.188166389940581,73.36938705202775,313.3693870520277
55.943216798152356,-3.188166389940581,SE,55.943004666118,-3.187954257906225,73.36938705202775,312.1193870520277
55.943004666118,-3.187954257906225,N,55.943304666118,-3.187954257906225,73.36938705202775,310.8693870520277
55.943304666118,-3.187954257906225,NNW,55.94358182997776,-3.1880690629359347,73.36938705202775,309.6193870520277
55.94358182997776,-3.1880690629359347,NE,55.943793962012116,-3.187856930901579,73.36938705202775,308.3693870520277
55.943793962012116,-3.187856930901579,SW,55.94358182997776,-3.1880690629359347,73.36938705202775,307.1193870520277
55.94358182997776,-3.1880690629359347,SE,55.9433696979434,-3.187856930901579,73.36938705202775,305.8693870520277
55.9433696979434,-3.187856930901579,ENE,55.943484502973114,-3.1875797670418256,73.36938705202775,304.6193870520277
55.943484502973114,-3.1875797670418256,SSW,55.94320733911336,-3.187694572071535,73.36938705202775,303.3693870520277
55.94320733911336,-3.187694572071535,SSW,55.9429301752536,-3.1878093771012446,73.36938705202775,302.1193870520277
55.9429301752536,-3.1878093771012446,ESE,55.94281537022389,-3.187532213241491,73.36938705202775,300.8693870520277
55.94281537022389,-3.187532213241491,WSW,55.94270056519418,-3.1878093771012446,73.36938705202775,299.6193870520277
55.94270056519418,-3.1878093771012446,W,55.94270056519418,-3.1881093771012448,73.36938705202775,298.3693870520277
55.94270056519418,-3.1881093771012448,W,55.94270056519418,-3.188409377101245,73.36938705202775,297.1193870520277
55.94270056519418,-3.188409377101245,NW,55.942912697228536,-3.1886215091356007,73.36938705202775,295.8693870520277
55.942912697228536,-3.1886215091356007,SW,55.94270056519418,-3.1888336411699565,73.36938705202775,294.6193870520277
55.94270056519418,-3.1888336411699565,W,55.94270056519418,-3.1891336411699567,73.36938705202775,293.3693870520277
55.94270056519418,-3.1891336411699567,WNW,55.94281537022389,-3.18941080502971,73.36938705202775,292.1193870520277
55.94281537022389,-3.18941080502971,W,55.94281537022389,-3.1897108050297103,122.80781964433945,340.3078196443394
55.94281537022389,-3.1897108050297103,ENE,55.9429301752536,-3.189433641169957,122.80781964433945,339.0578196443394
55.9429301752536,-3.189433641169957,W,55.9429301752536,-3.189733641169957,122.80781964433945,337.8078196443394
55.9429301752536,-3.189733641169957,ENE,55.94304498028331,-3.1894564773102037,122.80781964433945,336.5578196443394
55.94304498028331,-3.1894564773102037,NE,55.94325711231767,-3.189244345275848,179.4463798629765,391.94637986297647
55.94325711231767,-3.189244345275848,ESE,55.94314230728796,-3.1889671814160945,179.4463798629765,390.69637986297647
55.94314230728796,-3.1889671814160945,NE,55.94335443932231,-3.1887550493817387,179.4463798629765,389.44637986297647
55.94335443932231,-3.1887550493817387,SSW,55.94307727546256,-3.188869854411448,179.4463798629765,388.19637986297647
55.94307727546256,-3.188869854411448,S,55.942777275462554,-3.188869854411448,179.4463798629765,386.94637986297647
55.942777275462554,-3.188869854411448,N,55.94307727546256,-3.188869854411448,179.4463798629765,385.69637986297647
55.94307727546256,-3.188869854411448,E,55.94307727546256,-3.188569854411448,179.4463798629765,384.44637986297647
55.94307727546256,-3.188569854411448,SSE,55.9428001116028,-3.1884550493817385,179.4463798629765,383.19637986297647
55.9428001116028,-3.1884550493817385,WSW,55.94268530657309,-3.188732213241492,179.4463798629765,381.94637986297647
55.94268530657309,-3.188732213241492,W,55.94268530657309,-3.189032213241492,179.4463798629765,380.69637986297647
55.94268530657309,-3.189032213241492,W,55.94268530657309,-3.1893322132414923,179.4463798629765,379.44637986297647
55.94268530657309,-3.1893322132414923,W,55.94268530657309,-3.1896322132414925,179.4463798629765,378.19637986297647
55.94268530657309,-3.1896322132414925,N,55.94298530657309,-3.1896322132414925,179.4463798629765,376.94637986297647
55.94298530657309,-3.1896322132414925,NNW,55.94326247043285,-3.189747018271202,179.4463798629765,375.69637986297647
55.94326247043285,-3.189747018271202,SSE,55.94298530657309,-3.1896322132414925,179.4463798629765,374.44637986297647
55.94298530657309,-3.1896322132414925,NE,55.94319743860745,-3.1894200812071367,179.4463798629765,373.19637986297647
55.94319743860745,-3.1894200812071367,N,55.94349743860745,-3.1894200812071367,179.4463798629765,371.94637986297647
55.94349743860745,-3.1894200812071367,S,55.94319743860745,-3.1894200812071367,179.4463798629765,370.69637986297647
55.94319743860745,-3.1894200812071367,NNW,55.943474602467205,-3.1895348862368462,179.4463798629765,369.44637986297647
55.943474602467205,-3.1895348862368462,SE,55.94326247043285,-3.1893227542024905,179.4463798629765,368.19637986297647
55.94326247043285,-3.1893227542024905,N,55.94356247043285,-3.1893227542024905,179.4463798629765,366.94637986297647
55.94356247043285,-3.1893227542024905,S,55.94326247043285,-3.1893227542024905,179.4463798629765,365.69637986297647
55.94326247043285,-3.1893227542024905,WNW,55.94337727546256,-3.189599918062244,179.4463798629765,364.44637986297647
55.94337727546256,-3.189599918062244,W,55.94337727546256,-3.189899918062244,179.4463798629765,363.19637986297647
55.94337727546256,-3.189899918062244,SE,55.9431651434282,-3.1896877860278883,179.4463798629765,361.94637986297647
55.9431651434282,-3.1896877860278883,ENE,55.94327994845791,-3.189410622168135,179.4463798629765,360.69637986297647
55.94327994845791,-3.189410622168135,NW,55.94349208049227,-3.1896227542024906,179.4463798629765,359.44637986297647
55.94349208049227,-3.1896227542024906,E,55.94349208049227,-3.1893227542024905,179.4463798629765,358.19637986297647
55.94349208049227,-3.1893227542024905,NE,55.943704212526626,-3.1891106221681347,179.4463798629765,356.94637986297647
55.943704212526626,-3.1891106221681347,E,55.943704212526626,-3.1888106221681345,179.4463798629765,355.69637986297647
55.943704212526626,-3.1888106221681345,SE,55.94349208049227,-3.1885984901337787,179.4463798629765,354.44637986297647
55.94349208049227,-3.1885984901337787,SE,55.94327994845791,-3.188386358099423,179.4463798629765,353.19637986297647
55.94327994845791,-3.188386358099423,NNE,55.94355711231767,-3.1882715530697134,179.4463798629765,351.94637986297647
55.94355711231767,-3.1882715530697134,S,55.94325711231767,-3.1882715530697134,179.4463798629765,350.69637986297647
55.94325711231767,-3.1882715530697134,NE,55.94346924435202,-3.1880594210353577,179.4463798629765,349.44637986297647
55.94346924435202,-3.1880594210353577,E,55.94346924435202,-3.1877594210353575,179.4463798629765,348.19637986297647
55.94346924435202,-3.1877594210353575,W,55.94346924435202,-3.1880594210353577,179.4463798629765,346.94637986297647
55.94346924435202,-3.1880594210353577,E,55.94346924435202,-3.1877594210353575,179.4463798629765,345.69637986297647
55.94346924435202,-3.1877594210353575,ESE,55.94335443932231,-3.187482257175604,179.4463798629765,344.44637986297647
55.94335443932231,-3.187482257175604,WNW,55.94346924435202,-3.1877594210353575,179.4463798629765,343.19637986297647
55.94346924435202,-3.1877594210353575,E,55.94346924435202,-3.1874594210353573,179.4463798629765,341.94637986297647
55.94346924435202,-3.1874594210353573,SSW,55.94319208049227,-3.187574226065067,179.4463798629765,340.69637986297647
55.94319208049227,-3.187574226065067,NNE,55.94346924435202,-3.1874594210353573,179.4463798629765,339.44637986297647
55.94346924435202,-3.1874594210353573,NNW,55.94374640821178,-3.187574226065067,179.4463798629765,338.19637986297647
55.94374640821178,-3.187574226065067,NNW,55.944023572071536,-3.1876890310947763,179.4463798629765,336.94637986297647
55.944023572071536,-3.1876890310947763,SW,55.94381144003718,-3.187901163129132,179.4463798629765,335.69637986297647
55.94381144003718,-3.187901163129132,NNE,55.94408860389694,-3.1877863580994226,179.4463798629765,334.44637986297647
55.94408860389694,-3.1877863580994226,NNW,55.94436576775669,-3.187901163129132,179.4463798629765,333.19637986297647
55.94436576775669,-3.187901163129132,E,55.94436576775669,-3.187601163129132,179.4463798629765,331.94637986297647
55.94436576775669,-3.187601163129132,W,55.94436576775669,-3.187901163129132,179.4463798629765,330.69637986297647
55.94436576775669,-3.187901163129132,NNW,55.94464293161645,-3.1880159681588416,179.4463798629765,329.44637986297647
55.94464293161645,-3.1880159681588416,SSW,55.94436576775669,-3.188130773188551,179.4463798629765,328.19637986297647
55.94436576775669,-3.188130773188551,SSW,55.94408860389694,-3.1882455782182606,179.4463798629765,326.94637986297647
55.94408860389694,-3.1882455782182606,WSW,55.943973798867226,-3.188522742078014,179.4463798629765,325.69637986297647
55.943973798867226,-3.188522742078014,SE,55.94376166683287,-3.1883106100436582,179.4463798629765,324.44637986297647
55.94376166683287,-3.1883106100436582,E,55.94376166683287,-3.188010610043658,179.4463798629765,323.19637986297647
55.94376166683287,-3.188010610043658,NE,55.943973798867226,-3.1877984780093023,179.4463798629765,321.94637986297647
55.943973798867226,-3.1877984780093023,ESE,55.943858993837516,-3.187521314149549,179.4463798629765,320.69637986297647
55.943858993837516,-3.187521314149549,ENE,55.943973798867226,-3.1872441502897955,179.4463798629765,319.44637986297647
55.943973798867226,-3.1872441502897955,SW,55.94376166683287,-3.1874562823241512,179.4463798629765,318.19637986297647
55.94376166683287,-3.1874562823241512,S,55.94346166683287,-3.1874562823241512,179.4463798629765,316.94637986297647
55.94346166683287,-3.1874562823241512,WSW,55.94334686180316,-3.1877334461839046,179.4463798629765,315.69637986297647
55.94334686180316,-3.1877334461839046,SE,55.9431347297688,-3.187521314149549,179.4463798629765,314.44637986297647
55.9431347297688,-3.187521314149549,SSW,55.942857565909044,-3.1876361191792584,179.4463798629765,313.19637986297647
55.942857565909044,-3.1876361191792584,E,55.942857565909044,-3.187336119179258,179.4463798629765,311.94637986297647
55.942857565909044,-3.187336119179258,SE,55.94264543387469,-3.1871239871449024,203.47303492099138,334.7230349209914
55.94264543387469,-3.1871239871449024,NNW,55.942922597734444,-3.187238792174612,203.47303492099138,333.4730349209914
55.942922597734444,-3.187238792174612,SE,55.94271046570009,-3.187026660140256,203.47303492099138,332.2230349209914
55.94271046570009,-3.187026660140256,W,55.94271046570009,-3.1873266601402563,203.47303492099138,330.9730349209914
55.94271046570009,-3.1873266601402563,W,55.94271046570009,-3.1876266601402565,203.47303492099138,329.7230349209914
55.94271046570009,-3.1876266601402565,E,55.94271046570009,-3.1873266601402563,203.47303492099138,328.4730349209914
55.94271046570009,-3.1873266601402563,W,55.94271046570009,-3.1876266601402565,203.47303492099138,327.2230349209914
55.94271046570009,-3.1876266601402565,W,55.94271046570009,-3.1879266601402567,203.47303492099138,325.9730349209914
55.94271046570009,-3.1879266601402567,NW,55.942922597734444,-3.1881387921746125,203.47303492099138,324.7230349209914
55.942922597734444,-3.1881387921746125,SW,55.94271046570009,-3.1883509242089683,203.47303492099138,323.4730349209914
55.94271046570009,-3.1883509242089683,E,55.94271046570009,-3.188050924208968,203.47303492099138,322.2230349209914
55.94271046570009,-3.188050924208968,W,55.94271046570009,-3.1883509242089683,203.47303492099138,320.9730349209914
55.94271046570009,-3.1883509242089683,WNW,55.9428252707298,-3.1886280880687217,203.47303492099138,319.7230349209914
55.9428252707298,-3.1886280880687217,WSW,55.94271046570009,-3.188905251928475,203.47303492099138,318.4730349209914
55.94271046570009,-3.188905251928475,W,55.94271046570009,-3.1892052519284753,203.47303492099138,317.2230349209914
55.94271046570009,-3.1892052519284753,W,55.94271046570009,-3.1895052519284754,203.47303492099138,315.9730349209914
55.94271046570009,-3.1895052519284754,E,55.94271046570009,-3.1892052519284753,203.47303492099138,314.7230349209914
55.94271046570009,-3.1892052519284753,W,55.94271046570009,-3.1895052519284754,203.47303492099138,313.4730349209914
55.94271046570009,-3.1895052519284754,W,55.94271046570009,-3.1898052519284756,203.47303492099138,312.2230349209914
55.94271046570009,-3.1898052519284756,W,55.94271046570009,-3.190105251928476,203.47303492099138,310.9730349209914
55.94271046570009,-3.190105251928476,ENE,55.9428252707298,-3.1898280880687224,203.47303492099138,309.7230349209914
55.9428252707298,-3.1898280880687224,ESE,55.94271046570009,-3.189550924208969,203.47303492099138,308.4730349209914
55.94271046570009,-3.189550924208969,E,55.94271046570009,-3.189250924208969,203.47303492099138,307.2230349209914
55.94271046570009,-3.189250924208969,WNW,55.9428252707298,-3.1895280880687222,203.47303492099138,305.9730349209914
55.9428252707298,-3.1895280880687222,WSW,55.94271046570009,-3.1898052519284756,203.47303492099138,304.7230349209914
55.94271046570009,-3.1898052519284756,W,55.94271046570009,-3.190105251928476,203.47303492099138,303.4730349209914
55.94271046570009,-3.190105251928476,W,55.94271046570009,-3.190405251928476,203.47303492099138,302.2230349209914
55.94271046570009,-3.190405251928476,W,55.94271046570009,-3.190705251928476,203.47303492099138,300.9730349209914
55.94271046570009,-3.190705251928476,W,55.94271046570009,-3.1910052519284764,281.12845254556106,377.37845254556106
55.94271046570009,-3.1910052519284764,NW,55.942922597734444,-3.191217383962832,281.12845254556106,376.12845254556106
55.942922597734444,-3.191217383962832,ENE,55.943037402764155,-3.1909402201030788,281.12845254556106,374.87845254556106
55.943037402764155,-3.1909402201030788,NNE,55.94331456662391,-3.1908254150733693,281.12845254556106,373.62845254556106
55.94331456662391,-3.1908254150733693,NW,55.94352669865827,-3.191037547107725,281.12845254556106,372.37845254556106
55.94352669865827,-3.191037547107725,W,55.94352669865827,-3.191337547107725,342.82596394885195,432.82596394885195
55.94352669865827,-3.191337547107725,NW,55.943738830692624,-3.191549679142081,387.1400040693392,475.8900040693392
55.943738830692624,-3.191549679142081,NW,55.94395096272698,-3.1917618111764368,402.7952110572968,490.2952110572968
55.94395096272698,-3.1917618111764368,E,55.94395096272698,-3.1914618111764366,402.7952110572968,489.0452110572968
55.94395096272698,-3.1914618111764366,SSW,55.94367379886722,-3.191576616206146,402.7952110572968,487.7952110572968
55.94367379886722,-3.191576616206146,N,55.943973798867226,-3.191576616206146,402.7952110572968,486.5452110572968
55.943973798867226,-3.191576616206146,N,55.94427379886723,-3.191576616206146,494.8900644508497,577.3900644508496
55.94427379886723,-3.191576616206146,NW,55.944485930901585,-3.191788748240502,584.0488105078358,665.2988105078357
55.944485930901585,-3.191788748240502,E,55.944485930901585,-3.1914887482405017,584.0488105078358,664.0488105078357
55.944485930901585,-3.1914887482405017,SSW,55.94420876704183,-3.191603553270211,584.0488105078358,662.7988105078357
55.94420876704183,-3.191603553270211,WSW,55.94409396201212,-3.1918807171299646,584.0488105078358,661.5488105078357
55.94409396201212,-3.1918807171299646,SE,55.94388182997776,-3.191668585095609,584.0488105078358,660.2988105078357
55.94388182997776,-3.191668585095609,NE,55.94409396201212,-3.191456453061253,584.0488105078358,659.0488105078357
55.94409396201212,-3.191456453061253,SE,55.94388182997776,-3.1912443210268973,584.0488105078358,657.7988105078357
55.94388182997776,-3.1912443210268973,NNE,55.94415899383752,-3.1911295159971877,584.0488105078358,656.5488105078357
55.94415899383752,-3.1911295159971877,W,55.94415899383752,-3.191429515997188,584.0488105078358,655.2988105078357
55.94415899383752,-3.191429515997188,NNW,55.944436157697275,-3.1915443210268974,584.0488105078358,654.0488105078357
55.944436157697275,-3.1915443210268974,S,55.94413615769727,-3.1915443210268974,584.0488105078358,652.7988105078357
55.94413615769727,-3.1915443210268974,ESE,55.94402135266756,-3.191267157167144,584.0488105078358,651.5488105078357
55.94402135266756,-3.191267157167144,S,55.94372135266756,-3.191267157167144,584.0488105078358,650.2988105078357
55.94372135266756,-3.191267157167144,SW,55.9435092206332,-3.1914792892015,584.0488105078358,649.0488105078357
55.9435092206332,-3.1914792892015,W,55.9435092206332,-3.1917792892015,584.0488105078358,647.7988105078357
55.9435092206332,-3.1917792892015,NE,55.94372135266756,-3.1915671571671442,584.0488105078358,646.5488105078357
55.94372135266756,-3.1915671571671442,NW,55.943933484701915,-3.1917792892015,584.0488105078358,645.2988105078357
55.943933484701915,-3.1917792892015,SW,55.94372135266756,-3.1919914212358558,584.0488105078358,644.0488105078357
55.94372135266756,-3.1919914212358558,NNE,55.943998516527316,-3.1918766162061463,584.0488105078358,642.7988105078357
55.943998516527316,-3.1918766162061463,S,55.94369851652731,-3.1918766162061463,584.0488105078358,641.5488105078357
55.94369851652731,-3.1918766162061463,ESE,55.9435837114976,-3.191599452346393,584.0488105078358,640.2988105078357
55.9435837114976,-3.191599452346393,S,55.9432837114976,-3.191599452346393,584.0488105078358,639.0488105078357
55.9432837114976,-3.191599452346393,SE,55.94307157946324,-3.191387320312037,584.0488105078358,637.7988105078357
55.94307157946324,-3.191387320312037,ESE,55.94295677443353,-3.1911101564522837,584.0488105078358,636.5488105078357
55.94295677443353,-3.1911101564522837,SSE,55.94267961057378,-3.190995351422574,584.0488105078358,635.2988105078357
55.94267961057378,-3.190995351422574,W,55.94267961057378,-3.1912953514225744,584.0488105078358,634.0488105078357
55.94267961057378,-3.1912953514225744,W,55.94267961057378,-3.1915953514225746,584.0488105078358,632.7988105078357
55.94267961057378,-3.1915953514225746,W,55.94267961057378,-3.1918953514225747,584.0488105078358,631.5488105078357
55.94267961057378,-3.1918953514225747,N,55.94297961057378,-3.1918953514225747,584.0488105078358,630.2988105078357
55.94297961057378,-3.1918953514225747,SSE,55.94270244671402,-3.1917805463928652,584.0488105078358,629.0488105078357
55.94270244671402,-3.1917805463928652,NNW,55.94297961057378,-3.1918953514225747,584.0488105078358,627.7988105078357
55.94297961057378,-3.1918953514225747,NW,55.943191742608136,-3.1921074834569305,584.0488105078358,626.5488105078357
55.943191742608136,-3.1921074834569305,NW,55.94340387464249,-3.1923196154912863,584.0488105078358,625.2988105078357
55.94340387464249,-3.1923196154912863,NE,55.94361600667685,-3.1921074834569305,584.0488105078358,624.0488105078357
55.94361600667685,-3.1921074834569305,N,55.94391600667685,-3.1921074834569305,584.0488105078358,622.7988105078357
55.94391600667685,-3.1921074834569305,NW,55.94412813871121,-3.1923196154912863,584.0488105078358,621.5488105078357
55.94412813871121,-3.1923196154912863,N,55.94442813871121,-3.1923196154912863,584.0488105078358,620.2988105078357
55.94442813871121,-3.1923196154912863,SSE,55.94415097485145,-3.192204810461577,584.0488105078358,619.0488105078357
55.94415097485145,-3.192204810461577,N,55.944450974851456,-3.192204810461577,584.0488105078358,617.7988105078357
55.944450974851456,-3.192204810461577,NW,55.94466310688581,-3.1924169424959326,584.0488105078358,616.5488105078357
55.94466310688581,-3.1924169424959326,N,55.944963106885815,-3.1924169424959326,584.0488105078358,615.2988105078357
55.944963106885815,-3.1924169424959326,NNE,55.94524027074557,-3.192302137466223,669.4749869531108,699.4749869531107
55.94524027074557,-3.192302137466223,NNW,55.94551743460533,-3.1924169424959326,669.4749869531108,698.2249869531107
55.94551743460533,-3.1924169424959326,N,55.94581743460533,-3.1924169424959326,669.4749869531108,696.9749869531107
55.94581743460533,-3.1924169424959326,N,55.946117434605334,-3.1924169424959326,669.4749869531108,695.7249869531107
55.946117434605334,-3.1924169424959326,ENE,55.946232239635044,-3.192139778636179,669.4749869531108,694.4749869531107
55.946232239635044,-3.192139778636179,WSW,55.946117434605334,-3.1924169424959326,669.4749869531108,693.2249869531107
55.946117434605334,-3.1924169424959326,SSE,55.94584027074558,-3.192302137466223,669.4749869531108,691.9749869531107
55.94584027074558,-3.192302137466223,NNW,55.946117434605334,-3.1924169424959326,669.4749869531108,690.7249869531107
55.946117434605334,-3.1924169424959326,SSE,55.94584027074558,-3.192302137466223,669.4749869531108,689.4749869531107
55.94584027074558,-3.192302137466223,NNW,55.946117434605334,-3.1924169424959326,669.4749869531108,688.2249869531107
55.946117434605334,-3.1924169424959326,ENE,55.946232239635044,-3.192139778636179,669.4749869531108,686.9749869531107
55.946232239635044,-3.192139778636179,E,55.946232239635044,-3.191839778636179,669.4749869531108,685.7249869531107
55.946232239635044,-3.191839778636179,E,55.946232239635044,-3.1915397786361788,669.4749869531108,684.4749869531107
55.946232239635044,-3.1915397786361788,WSW,55.946117434605334,-3.191816942495932,669.4749869531108,683.2249869531107
55.946117434605334,-3.191816942495932,WNW,55.946232239635044,-3.1920941063556856,669.4749869531108,681.9749869531107
55.946232239635044,-3.1920941063556856,E,55.946232239635044,-3.1917941063556854,669.4749869531108,680.7249869531107
55.946232239635044,-3.1917941063556854,E,55.946232239635044,-3.191494106355685,669.4749869531108,679.4749869531107
55.946232239635044,-3.191494106355685,E,55.946232239635044,-3.191194106355685,669.4749869531108,678.2249869531107
55.946232239635044,-3.191194106355685,E,55.946232239635044,-3.190894106355685,669.4749869531108,676.9749869531107
55.946232239635044,-3.190894106355685,E,55.946232239635044,-3.1905941063556846,669.4749869531108,675.7249869531107
55.946232239635044,-3.1905941063556846,E,55.946232239635044,-3.1902941063556844,669.4749869531108,674.4749869531107
55.946232239635044,-3.1902941063556844,SW,55.94602010760069,-3.19050623839004,669.4749869531108,673.2249869531107
55.94602010760069,-3.19050623839004,SW,55.94580797556633,-3.190718370424396,669.4749869531108,671.9749869531107
55.94580797556633,-3.190718370424396,NE,55.94602010760069,-3.19050623839004,669.4749869531108,670.7249869531107
55.94602010760069,-3.19050623839004,WNW,55.9461349126304,-3.1907834022497936,669.4749869531108,669.4749869531107
55.9461349126304,-3.1907834022497936,W,55.9461349126304,-3.191083402249794,669.4749869531108,668.2249869531107
55.9461349126304,-3.191083402249794,E,55.9461349126304,-3.1907834022497936,669.4749869531108,666.9749869531107
55.9461349126304,-3.1907834022497936,E,55.9461349126304,-3.1904834022497934,669.4749869531108,665.7249869531107
55.9461349126304,-3.1904834022497934,E,55.9461349126304,-3.1901834022497932,669.4749869531108,664.4749869531107
55.9461349126304,-3.1901834022497932,W,55.9461349126304,-3.1904834022497934,669.4749869531108,663.2249869531107
55.9461349126304,-3.1904834022497934,W,55.9461349126304,-3.1907834022497936,669.4749869531108,661.9749869531107
55.9461349126304,-3.1907834022497936,SW,55.94592278059604,-3.1909955342841494,669.4749869531108,660.7249869531107
55.94592278059604,-3.1909955342841494,SE,55.945710648561686,-3.1907834022497936,669.4749869531108,659.4749869531107
55.945710648561686,-3.1907834022497936,SE,55.94549851652733,-3.190571270215438,669.4749869531108,658.2249869531107
55.94549851652733,-3.190571270215438,SSE,55.94522135266757,-3.1904564651857283,785.247368331801,772.7473683318009
55.94522135266757,-3.1904564651857283,S,55.94492135266757,-3.1904564651857283,785.247368331801,771.4973683318009
55.94492135266757,-3.1904564651857283,SSE,55.944644188807814,-3.190341660156019,846.0450935080869,831.0450935080868
55.944644188807814,-3.190341660156019,SE,55.94443205677346,-3.190129528121663,856.8225954052834,840.5725954052833
55.94443205677346,-3.190129528121663,SW,55.9442199247391,-3.190341660156019,879.1167093108276,861.6167093108274
55.9442199247391,-3.190341660156019,NW,55.94443205677346,-3.1905537921903746,879.1167093108276,860.3667093108274
55.94443205677346,-3.1905537921903746,WNW,55.94454686180317,-3.190830956050128,879.1167093108276,859.1167093108274
55.94454686180317,-3.190830956050128,NE,55.944758993837524,-3.1906188240157722,879.1167093108276,857.8667093108274
55.944758993837524,-3.1906188240157722,SSE,55.94448182997777,-3.1905040189860627,879.1167093108276,856.6167093108274
55.94448182997777,-3.1905040189860627,E,55.94448182997777,-3.1902040189860625,879.1167093108276,855.3667093108274
55.94448182997777,-3.1902040189860625,WSW,55.94436702494806,-3.190481182845816,879.1167093108276,854.1167093108274
55.94436702494806,-3.190481182845816,WSW,55.94425221991835,-3.1907583467055693,879.1167093108276,852.8667093108274
55.94425221991835,-3.1907583467055693,SE,55.94404008788399,-3.1905462146712136,879.1167093108276,851.6167093108274
55.94404008788399,-3.1905462146712136,S,55.94374008788399,-3.1905462146712136,879.1167093108276,850.3667093108274
55.94374008788399,-3.1905462146712136,SSW,55.94346292402423,-3.190661019700923,879.1167093108276,849.1167093108274
55.94346292402423,-3.190661019700923,NE,55.94367505605859,-3.1904488876665673,879.1167093108276,847.8667093108274
55.94367505605859,-3.1904488876665673,W,55.94367505605859,-3.1907488876665675,879.1167093108276,846.6167093108274
55.94367505605859,-3.1907488876665675,SSE,55.94339789219883,-3.190634082636858,879.1167093108276,845.3667093108274
55.94339789219883,-3.190634082636858,SE,55.943185760164475,-3.190421950602502,879.1167093108276,844.1167093108274
55.943185760164475,-3.190421950602502,NNW,55.94346292402423,-3.1905367556322117,879.1167093108276,842.8667093108274
55.94346292402423,-3.1905367556322117,NNE,55.94374008788399,-3.190421950602502,879.1167093108276,841.6167093108274
55.94374008788399,-3.190421950602502,NNE,55.944017251743745,-3.1903071455727927,879.1167093108276,840.3667093108274
55.944017251743745,-3.1903071455727927,NNW,55.9442944156035,-3.190421950602502,879.1167093108276,839.1167093108274
55.9442944156035,-3.190421950602502,W,55.9442944156035,-3.1907219506025024,879.1167093108276,837.8667093108274
55.9442944156035,-3.1907219506025024,WSW,55.94417961057379,-3.190999114462256,879.1167093108276,836.6167093108274
55.94417961057379,-3.190999114462256,NW,55.94439174260815,-3.1912112464966116,879.1167093108276,835.3667093108274
55.94439174260815,-3.1912112464966116,WSW,55.94427693757844,-3.191488410356365,879.1167093108276,834.1167093108274
55.94427693757844,-3.191488410356365,SW,55.94406480554408,-3.1917005423907208,879.1167093108276,832.8667093108274
55.94406480554408,-3.1917005423907208,ESE,55.94395000051437,-3.1914233785309674,879.1167093108276,831.6167093108274
55.94395000051437,-3.1914233785309674,N,55.94425000051437,-3.1914233785309674,879.1167093108276,830.3667093108274
55.94425000051437,-3.1914233785309674,ENE,55.94436480554408,-3.191146214671214,879.1167093108276,829.1167093108274
55.94436480554408,-3.191146214671214,ENE,55.944479610573794,-3.1908690508114605,879.1167093108276,827.8667093108274
55.944479610573794,-3.1908690508114605,N,55.944779610573796,-3.1908690508114605,879.1167093108276,826.6167093108274
55.944779610573796,-3.1908690508114605,NE,55.94499174260815,-3.190656918777105,879.1167093108276,825.3667093108274
55.94499174260815,-3.190656918777105,WNW,55.94510654763786,-3.190934082636858,879.1167093108276,824.1167093108274
55.94510654763786,-3.190934082636858,W,55.94510654763786,-3.1912340826368584,943.046636193504,886.7966361935039
55.94510654763786,-3.1912340826368584,NW,55.94531867967222,-3.191446214671214,943.046636193504,885.5466361935039
55.94531867967222,-3.191446214671214,S,55.945018679672216,-3.191446214671214,943.046636193504,884.2966361935039
55.945018679672216,-3.191446214671214,NW,55.94523081170657,-3.19165834670557,943.046636193504,883.0466361935039
55.94523081170657,-3.19165834670557,NE,55.94544294374093,-3.191446214671214,943.046636193504,881.7966361935039
55.94544294374093,-3.191446214671214,ENE,55.94555774877064,-3.1911690508114607,943.046636193504,880.5466361935039
