55.944425,-3.188396,NNW,55.94470216385976,-3.1885108050297095,0.0,248.75
55.94470216385976,-3.1885108050297095,SE,55.9444900318254,-3.1882986729953537,0.0,247.5
55.9444900318254,-3.1882986729953537,ESE,55.94437522679569,-3.1880215091356003,0.0,246.25
55.94437522679569,-3.1880215091356003,SSE,55.944098062935936,-3.187906704105891,0.0,245.0
55.944098062935936,-3.187906704105891,SE,55.94388593090158,-3.187694572071535,121.40203890509065,365.15203890509065
55.94388593090158,-3.187694572071535,SSE,55.94360876704182,-3.1875797670418256,121.40203890509065,363.90203890509065
55.94360876704182,-3.1875797670418256,SSW,55.94333160318207,-3.187694572071535,197.0252600636228,438.2752600636228
55.94333160318207,-3.187694572071535,S,55.943031603182064,-3.187694572071535,211.4072299675193,451.4072299675193
55.943031603182064,-3.187694572071535,SE,55.94281947114771,-3.1874824400371793,211.4072299675193,450.1572299675193
55.94281947114771,-3.1874824400371793,N,55.94311947114771,-3.1874824400371793,211.4072299675193,448.9072299675193
55.94311947114771,-3.1874824400371793,NNW,55.94339663500747,-3.187597245066889,211.4072299675193,447.6572299675193
55.94339663500747,-3.187597245066889,E,55.94339663500747,-3.1872972450668886,211.4072299675193,446.4072299675193
55.94339663500747,-3.1872972450668886,ESE,55.94328182997776,-3.187020081207135,240.9850483936416,474.7350483936416
55.94328182997776,-3.187020081207135,SE,55.9430696979434,-3.1868079491727794,240.9850483936416,473.4850483936416
55.9430696979434,-3.1868079491727794,ENE,55.94318450297311,-3.186530785313026,240.9850483936416,472.2350483936416
55.94318450297311,-3.186530785313026,SSW,55.942907339113354,-3.1866455903427355,240.9850483936416,470.9850483936416
55.942907339113354,-3.1866455903427355,SSW,55.9426301752536,-3.186760395372445,240.9850483936416,469.7350483936416
55.9426301752536,-3.186760395372445,W,55.9426301752536,-3.1870603953724452,240.9850483936416,468.4850483936416
55.9426301752536,-3.1870603953724452,W,55.9426301752536,-3.1873603953724454,240.9850483936416,467.2350483936416
55.9426301752536,-3.1873603953724454,W,55.9426301752536,-3.1876603953724456,240.9850483936416,465.9850483936416
55.9426301752536,-3.1876603953724456,W,55.9426301752536,-3.187960395372446,240.9850483936416,464.7350483936416
55.9426301752536,-3.187960395372446,NW,55.942842307287954,-3.1881725274068016,240.9850483936416,463.4850483936416
55.942842307287954,-3.1881725274068016,SW,55.9426301752536,-3.1883846594411573,240.9850483936416,462.2350483936416
55.9426301752536,-3.1883846594411573,W,55.9426301752536,-3.1886846594411575,240.9850483936416,460.9850483936416
55.9426301752536,-3.1886846594411575,WNW,55.94274498028331,-3.188961823300911,240.9850483936416,459.7350483936416
55.94274498028331,-3.188961823300911,NE,55.942957112317664,-3.188749691266555,240.9850483936416,458.4850483936416
55.942957112317664,-3.188749691266555,ENE,55.943071917347375,-3.1884725274068018,240.9850483936416,457.2350483936416
55.943071917347375,-3.1884725274068018,W,55.943071917347375,-3.188772527406802,240.9850483936416,455.9850483936416
55.943071917347375,-3.188772527406802,ENE,55.943186722377085,-3.1884953635470485,240.9850483936416,454.7350483936416
55.943186722377085,-3.1884953635470485,SE,55.94297459034273,-3.1882832315126928,240.9850483936416,453.4850483936416
55.94297459034273,-3.1882832315126928,ESE,55.94285978531302,-3.1880060676529394,240.9850483936416,452.2350483936416
55.94285978531302,-3.1880060676529394,NE,55.943071917347375,-3.1877939356185836,240.9850483936416,450.9850483936416
55.943071917347375,-3.1877939356185836,SSW,55.94279475348762,-3.187908740648293,240.9850483936416,449.7350483936416
55.94279475348762,-3.187908740648293,WSW,55.94267994845791,-3.1881859045080465,240.9850483936416,448.4850483936416
55.94267994845791,-3.1881859045080465,N,55.94297994845791,-3.1881859045080465,240.9850483936416,447.2350483936416
55.94297994845791,-3.1881859045080465,E,55.94297994845791,-3.1878859045080463,240.9850483936416,445.9850483936416
55.94297994845791,-3.1878859045080463,SSE,55.942702784598154,-3.187771099478337,240.9850483936416,444.7350483936416
55.942702784598154,-3.187771099478337,W,55.942702784598154,-3.188071099478337,240.9850483936416,443.4850483936416
55.942702784598154,-3.188071099478337,W,55.942702784598154,-3.188371099478337,240.9850483936416,442.2350483936416
55.942702784598154,-3.188371099478337,W,55.942702784598154,-3.1886710994783374,240.9850483936416,440.9850483936416
55.942702784598154,-3.1886710994783374,W,55.942702784598154,-3.1889710994783376,240.9850483936416,439.7350483936416
55.942702784598154,-3.1889710994783376,N,55.94300278459816,-3.1889710994783376,240.9850483936416,438.4850483936416
55.94300278459816,-3.1889710994783376,W,55.94300278459816,-3.1892710994783378,322.3946104599972,518.6446104599971
55.94300278459816,-3.1892710994783378,SSE,55.9427256207384,-3.1891562944486282,322.3946104599972,517.3946104599971
55.9427256207384,-3.1891562944486282,NE,55.94293775277276,-3.1889441624142725,322.3946104599972,516.1446104599971
55.94293775277276,-3.1889441624142725,N,55.94323775277276,-3.1889441624142725,322.3946104599972,514.8946104599971
55.94323775277276,-3.1889441624142725,S,55.94293775277276,-3.1889441624142725,322.3946104599972,513.6446104599971
55.94293775277276,-3.1889441624142725,NNW,55.94321491663251,-3.189058967443982,322.3946104599972,512.3946104599971
55.94321491663251,-3.189058967443982,SE,55.94300278459816,-3.188846835409626,322.3946104599972,511.1446104599971
55.94300278459816,-3.188846835409626,N,55.94330278459816,-3.188846835409626,322.3946104599972,509.8946104599971
55.94330278459816,-3.188846835409626,S,55.94300278459816,-3.188846835409626,322.3946104599972,508.6446104599971
55.94300278459816,-3.188846835409626,WNW,55.94311758962787,-3.1891239992693796,322.3946104599972,507.3946104599971
55.94311758962787,-3.1891239992693796,W,55.94311758962787,-3.18942399926938,322.3946104599972,506.1446104599971
55.94311758962787,-3.18942399926938,SE,55.94290545759351,-3.189211867235024,322.3946104599972,504.8946104599971
55.94290545759351,-3.189211867235024,ENE,55.94302026262322,-3.1889347033752706,322.3946104599972,503.6446104599971
55.94302026262322,-3.1889347033752706,NNW,55.94329742648298,-3.18904950840498,322.3946104599972,502.3946104599971
55.94329742648298,-3.18904950840498,E,55.94329742648298,-3.18874950840498,322.3946104599972,501.1446104599971
55.94329742648298,-3.18874950840498,NE,55.943509558517334,-3.188537376370624,322.3946104599972,499.8946104599971
55.943509558517334,-3.188537376370624,E,55.943509558517334,-3.188237376370624,322.3946104599972,498.6446104599971
55.943509558517334,-3.188237376370624,SE,55.94329742648298,-3.188025244336268,322.3946104599972,497.3946104599971
55.94329742648298,-3.188025244336268,SE,55.94308529444862,-3.1878131123019124,322.3946104599972,496.1446104599971
55.94308529444862,-3.1878131123019124,NNE,55.94336245830838,-3.187698307272203,322.3946104599972,494.8946104599971
55.94336245830838,-3.187698307272203,S,55.943062458308376,-3.187698307272203,322.3946104599972,493.6446104599971
55.943062458308376,-3.187698307272203,NE,55.94327459034273,-3.187486175237847,322.3946104599972,492.3946104599971
55.94327459034273,-3.187486175237847,E,55.94327459034273,-3.187186175237847,322.3946104599972,491.1446104599971
55.94327459034273,-3.187186175237847,W,55.94327459034273,-3.187486175237847,322.3946104599972,489.8946104599971
55.94327459034273,-3.187486175237847,E,55.94327459034273,-3.187186175237847,322.3946104599972,488.6446104599971
55.94327459034273,-3.187186175237847,ESE,55.94315978531302,-3.1869090113780936,322.3946104599972,487.3946104599971
55.94315978531302,-3.1869090113780936,WNW,55.94327459034273,-3.187186175237847,322.3946104599972,486.1446104599971
55.94327459034273,-3.187186175237847,E,55.94327459034273,-3.186886175237847,322.3946104599972,484.8946104599971
55.94327459034273,-3.186886175237847,SSW,55.942997426482975,-3.1870009802675563,322.3946104599972,483.6446104599971
55.942997426482975,-3.1870009802675563,NNE,55.94327459034273,-3.186886175237847,322.3946104599972,482.3946104599971
55.94327459034273,-3.186886175237847,NNW,55.94355175420249,-3.1870009802675563,322.3946104599972,481.1446104599971
55.94355175420249,-3.1870009802675563,NNW,55.943828918062245,-3.187115785297266,322.3946104599972,479.8946104599971
55.943828918062245,-3.187115785297266,WNW,55.943943723091955,-3.187392949157019,322.3946104599972,478.6446104599971
55.943943723091955,-3.187392949157019,NNW,55.94422088695171,-3.1875077541867287,322.3946104599972,477.3946104599971
55.94422088695171,-3.1875077541867287,NNW,55.94449805081147,-3.1876225592164382,322.3946104599972,476.1446104599971
55.94449805081147,-3.1876225592164382,E,55.94449805081147,-3.187322559216438,322.3946104599972,474.8946104599971
55.94449805081147,-3.187322559216438,W,55.94449805081147,-3.1876225592164382,322.3946104599972,473.6446104599971
55.94449805081147,-3.1876225592164382,NNW,55.944775214671225,-3.1877373642461477,322.3946104599972,472.3946104599971
55.944775214671225,-3.1877373642461477,S,55.94447521467122,-3.1877373642461477,322.3946104599972,471.1446104599971
55.94447521467122,-3.1877373642461477,SSW,55.944198050811465,-3.1878521692758572,322.3946104599972,469.8946104599971
55.944198050811465,-3.1878521692758572,WSW,55.944083245781755,-3.1881293331356106,322.3946104599972,468.6446104599971
55.944083245781755,-3.1881293331356106,SE,55.9438711137474,-3.187917201101255,322.3946104599972,467.3946104599971
55.9438711137474,-3.187917201101255,E,55.9438711137474,-3.1876172011012547,322.3946104599972,466.1446104599971
55.9438711137474,-3.1876172011012547,NNE,55.944148277607155,-3.187502396071545,322.3946104599972,464.8946104599971
55.944148277607155,-3.187502396071545,ESE,55.944033472577445,-3.1872252322117918,322.3946104599972,463.6446104599971
55.944033472577445,-3.1872252322117918,ENE,55.944148277607155,-3.1869480683520384,322.3946104599972,462.3946104599971
55.944148277607155,-3.1869480683520384,SSE,55.9438711137474,-3.186833263322329,322.3946104599972,461.1446104599971
55.9438711137474,-3.186833263322329,E,55.9438711137474,-3.1865332633223287,322.3946104599972,459.8946104599971
55.9438711137474,-3.1865332633223287,WSW,55.94375630871769,-3.186810427182082,322.3946104599972,458.6446104599971
55.94375630871769,-3.186810427182082,SE,55.94354417668333,-3.1865982951477263,322.3946104599972,457.3946104599971
55.94354417668333,-3.1865982951477263,SSW,55.943267012823576,-3.186713100177436,322.3946104599972,456.1446104599971
55.943267012823576,-3.186713100177436,E,55.943267012823576,-3.1864131001774356,322.3946104599972,454.8946104599971
55.943267012823576,-3.1864131001774356,NNW,55.94354417668333,-3.186527905207145,322.3946104599972,453.6446104599971
55.94354417668333,-3.186527905207145,NNW,55.94382134054309,-3.1866427102368546,322.3946104599972,452.3946104599971
55.94382134054309,-3.1866427102368546,SE,55.94360920850873,-3.186430578202499,322.3946104599972,451.1446104599971
55.94360920850873,-3.186430578202499,SSW,55.943332044648976,-3.1865453832322084,322.3946104599972,449.8946104599971
55.943332044648976,-3.1865453832322084,WSW,55.943217239619266,-3.1868225470919618,322.3946104599972,448.6446104599971
55.943217239619266,-3.1868225470919618,E,55.943217239619266,-3.1865225470919616,322.3946104599972,447.3946104599971
55.943217239619266,-3.1865225470919616,WSW,55.943102434589555,-3.186799710951715,322.3946104599972,446.1446104599971
55.943102434589555,-3.186799710951715,S,55.94280243458955,-3.186799710951715,322.3946104599972,444.8946104599971
55.94280243458955,-3.186799710951715,NW,55.94301456662391,-3.1870118429860708,322.3946104599972,443.6446104599971
55.94301456662391,-3.1870118429860708,SW,55.94280243458955,-3.1872239750204265,322.3946104599972,442.3946104599971
55.94280243458955,-3.1872239750204265,E,55.94280243458955,-3.1869239750204263,322.3946104599972,441.1446104599971
55.94280243458955,-3.1869239750204263,WSW,55.94268762955984,-3.1872011388801798,322.3946104599972,439.8946104599971
55.94268762955984,-3.1872011388801798,WNW,55.94280243458955,-3.187478302739933,322.3946104599972,438.6446104599971
55.94280243458955,-3.187478302739933,WSW,55.94268762955984,-3.1877554665996866,322.3946104599972,437.3946104599971
55.94268762955984,-3.1877554665996866,W,55.94268762955984,-3.1880554665996867,322.3946104599972,436.1446104599971
55.94268762955984,-3.1880554665996867,W,55.94268762955984,-3.188355466599687,322.3946104599972,434.8946104599971
55.94268762955984,-3.188355466599687,E,55.94268762955984,-3.1880554665996867,322.3946104599972,433.6446104599971
55.94268762955984,-3.1880554665996867,W,55.94268762955984,-3.188355466599687,322.3946104599972,432.3946104599971
55.94268762955984,-3.188355466599687,W,55.94268762955984,-3.188655466599687,322.3946104599972,431.1446104599971
55.94268762955984,-3.188655466599687,W,55.94268762955984,-3.1889554665996873,322.3946104599972,429.8946104599971
55.94268762955984,-3.1889554665996873,ENE,55.94280243458955,-3.188678302739934,322.3946104599972,428.6446104599971
55.94280243458955,-3.188678302739934,ESE,55.94268762955984,-3.1884011388801805,322.3946104599972,427.3946104599971
55.94268762955984,-3.1884011388801805,E,55.94268762955984,-3.1881011388801803,322.3946104599972,426.1446104599971
55.94268762955984,-3.1881011388801803,WNW,55.94280243458955,-3.1883783027399337,322.3946104599972,424.8946104599971
55.94280243458955,-3.1883783027399337,WSW,55.94268762955984,-3.188655466599687,322.3946104599972,423.6446104599971
55.94268762955984,-3.188655466599687,W,55.94268762955984,-3.1889554665996873,322.3946104599972,422.3946104599971
55.94268762955984,-3.1889554665996873,W,55.94268762955984,-3.1892554665996875,322.3946104599972,421.1446104599971
55.94268762955984,-3.1892554665996875,W,55.94268762955984,-3.1895554665996877,322.3946104599972,419.8946104599971
55.94268762955984,-3.1895554665996877,W,55.94268762955984,-3.189855466599688,322.3946104599972,418.6446104599971
55.94268762955984,-3.189855466599688,NW,55.9428997615942,-3.1900675986340437,322.3946104599972,417.3946104599971
55.9428997615942,-3.1900675986340437,N,55.9431997615942,-3.1900675986340437,322.3946104599972,416.1446104599971
55.9431997615942,-3.1900675986340437,NW,55.94341189362856,-3.1902797306683994,322.3946104599972,414.8946104599971
55.94341189362856,-3.1902797306683994,NE,55.94362402566291,-3.1900675986340437,360.5244908787394,451.77449087873936
55.94362402566291,-3.1900675986340437,SSW,55.94334686180316,-3.190182403663753,360.5244908787394,450.52449087873936
55.94334686180316,-3.190182403663753,SSE,55.9430696979434,-3.1900675986340437,360.5244908787394,449.27449087873936
55.9430696979434,-3.1900675986340437,S,55.9427696979434,-3.1900675986340437,360.5244908787394,448.02449087873936
55.9427696979434,-3.1900675986340437,E,55.9427696979434,-3.1897675986340435,360.5244908787394,446.77449087873936
55.9427696979434,-3.1897675986340435,WSW,55.94265489291369,-3.190044762493797,360.5244908787394,445.52449087873936
55.94265489291369,-3.190044762493797,N,55.94295489291369,-3.190044762493797,360.5244908787394,444.27449087873936
55.94295489291369,-3.190044762493797,ESE,55.94284008788398,-3.1897675986340435,360.5244908787394,443.02449087873936
55.94284008788398,-3.1897675986340435,SW,55.94262795584962,-3.1899797306683992,360.5244908787394,441.77449087873936
55.94262795584962,-3.1899797306683992,E,55.94262795584962,-3.189679730668399,360.5244908787394,440.52449087873936
55.94262795584962,-3.189679730668399,W,55.94262795584962,-3.1899797306683992,360.5244908787394,439.27449087873936
55.94262795584962,-3.1899797306683992,W,55.94262795584962,-3.1902797306683994,360.5244908787394,438.02449087873936
55.94262795584962,-3.1902797306683994,W,55.94262795584962,-3.1905797306683996,360.5244908787394,436.77449087873936
55.94262795584962,-3.1905797306683996,NE,55.94284008788398,-3.190367598634044,360.5244908787394,435.52449087873936
55.94284008788398,-3.190367598634044,SE,55.94262795584962,-3.190155466599688,360.5244908787394,434.27449087873936
55.94262795584962,-3.190155466599688,NNE,55.94290511970938,-3.1900406615699786,360.5244908787394,433.02449087873936
55.94290511970938,-3.1900406615699786,W,55.94290511970938,-3.1903406615699788,360.5244908787394,431.77449087873936
55.94290511970938,-3.1903406615699788,NNW,55.943182283569136,-3.1904554665996883,360.5244908787394,430.52449087873936
55.943182283569136,-3.1904554665996883,S,55.94288228356913,-3.1904554665996883,360.5244908787394,429.27449087873936
55.94288228356913,-3.1904554665996883,ESE,55.94276747853942,-3.190178302739935,360.5244908787394,428.02449087873936
55.94276747853942,-3.190178302739935,WSW,55.94265267350971,-3.1904554665996883,360.5244908787394,426.77449087873936
55.94265267350971,-3.1904554665996883,W,55.94265267350971,-3.1907554665996885,360.5244908787394,425.52449087873936
55.94265267350971,-3.1907554665996885,W,55.94265267350971,-3.1910554665996886,360.5244908787394,424.27449087873936
55.94265267350971,-3.1910554665996886,NE,55.94286480554407,-3.190843334565333,360.5244908787394,423.02449087873936
55.94286480554407,-3.190843334565333,NW,55.943076937578425,-3.1910554665996886,360.5244908787394,421.77449087873936
55.943076937578425,-3.1910554665996886,NNW,55.94335410143818,-3.191170271629398,485.043612948663,545.0436129486629
55.94335410143818,-3.191170271629398,NNE,55.94363126529794,-3.1910554665996886,485.043612948663,543.7936129486629
55.94363126529794,-3.1910554665996886,S,55.943331265297935,-3.1910554665996886,485.043612948663,542.5436129486629
55.943331265297935,-3.1910554665996886,ESE,55.943216460268225,-3.1907783027399352,485.043612948663,541.2936129486629
55.943216460268225,-3.1907783027399352,S,55.94291646026822,-3.1907783027399352,485.043612948663,540.0436129486629
55.94291646026822,-3.1907783027399352,ESE,55.94280165523851,-3.190501138880182,485.043612948663,538.7936129486629
55.94280165523851,-3.190501138880182,E,55.94280165523851,-3.1902011388801816,485.043612948663,537.5436129486629
55.94280165523851,-3.1902011388801816,WSW,55.9426868502088,-3.190478302739935,485.043612948663,536.2936129486629
55.9426868502088,-3.190478302739935,W,55.9426868502088,-3.1907783027399352,485.043612948663,535.0436129486629
55.9426868502088,-3.1907783027399352,W,55.9426868502088,-3.1910783027399354,485.043612948663,533.7936129486629
55.9426868502088,-3.1910783027399354,W,55.9426868502088,-3.1913783027399356,485.043612948663,532.5436129486629
55.9426868502088,-3.1913783027399356,W,55.9426868502088,-3.191678302739936,485.043612948663,531.2936129486629
55.9426868502088,-3.191678302739936,W,55.9426868502088,-3.191978302739936,485.043612948663,530.0436129486629
55.9426868502088,-3.191978302739936,W,55.9426868502088,-3.192278302739936,485.043612948663,528.7936129486629
55.9426868502088,-3.192278302739936,NNW,55.94296401406856,-3.1923931077696457,485.043612948663,527.5436129486629
55.94296401406856,-3.1923931077696457,N,55.94326401406856,-3.1923931077696457,485.043612948663,526.2936129486629
55.94326401406856,-3.1923931077696457,NE,55.94347614610292,-3.19218097573529,485.043612948663,525.0436129486629
55.94347614610292,-3.19218097573529,NNE,55.94375330996267,-3.1920661707055804,485.043612948663,523.7936129486629
55.94375330996267,-3.1920661707055804,ENE,55.943868114992384,-3.191789006845827,496.1810263163811,533.681026316381
55.943868114992384,-3.191789006845827,NW,55.94408024702674,-3.1920011388801828,536.0023149853378,572.2523149853376
55.94408024702674,-3.1920011388801828,NNW,55.9443574108865,-3.1921159439098923,561.0720628782794,596.0720628782793
55.9443574108865,-3.1921159439098923,NE,55.94456954292085,-3.1919038118755365,583.3324270480039,617.0824270480038
55.94456954292085,-3.1919038118755365,E,55.94456954292085,-3.1916038118755363,598.493885737431,630.9938857374309
55.94456954292085,-3.1916038118755363,W,55.94456954292085,-3.1919038118755365,598.493885737431,629.7438857374309
55.94456954292085,-3.1919038118755365,WNW,55.94468434795056,-3.19218097573529,598.493885737431,628.4938857374309
55.94468434795056,-3.19218097573529,WSW,55.94456954292085,-3.1924581395950433,598.493885737431,627.2438857374309
55.94456954292085,-3.1924581395950433,N,55.944869542920856,-3.1924581395950433,598.493885737431,625.9938857374309
55.944869542920856,-3.1924581395950433,N,55.94516954292086,-3.1924581395950433,598.493885737431,624.7438857374309
55.94516954292086,-3.1924581395950433,N,55.94546954292086,-3.1924581395950433,598.493885737431,623.4938857374309
55.94546954292086,-3.1924581395950433,N,55.945769542920864,-3.1924581395950433,598.493885737431,622.2438857374309
55.945769542920864,-3.1924581395950433,SE,55.94555741088651,-3.1922460075606875,598.493885737431,620.9938857374309
55.94555741088651,-3.1922460075606875,NW,55.945769542920864,-3.1924581395950433,598.493885737431,619.7438857374309
55.945769542920864,-3.1924581395950433,SSE,55.94549237906111,-3.192343334565334,598.493885737431,618.4938857374309
55.94549237906111,-3.192343334565334,NNW,55.945769542920864,-3.1924581395950433,598.493885737431,617.2438857374309
55.945769542920864,-3.1924581395950433,N,55.94606954292087,-3.1924581395950433,598.493885737431,615.9938857374309
55.94606954292087,-3.1924581395950433,ENE,55.94618434795058,-3.19218097573529,598.493885737431,614.7438857374309
55.94618434795058,-3.19218097573529,SE,55.94597221591622,-3.191968843700934,598.493885737431,613.4938857374309
55.94597221591622,-3.191968843700934,WSW,55.94585741088651,-3.1922460075606875,598.493885737431,612.2438857374309
55.94585741088651,-3.1922460075606875,SSW,55.945580247026754,-3.192360812590397,598.493885737431,610.9938857374309
55.945580247026754,-3.192360812590397,NNE,55.94585741088651,-3.1922460075606875,598.493885737431,609.7438857374309
55.94585741088651,-3.1922460075606875,ENE,55.94597221591622,-3.191968843700934,598.493885737431,608.4938857374309
55.94597221591622,-3.191968843700934,ESE,55.94585741088651,-3.1916916798411807,598.493885737431,607.2438857374309
55.94585741088651,-3.1916916798411807,WNW,55.94597221591622,-3.191968843700934,598.493885737431,605.9938857374309
55.94597221591622,-3.191968843700934,ESE,55.94585741088651,-3.1916916798411807,598.493885737431,604.7438857374309
55.94585741088651,-3.1916916798411807,NE,55.94606954292087,-3.191479547806825,598.493885737431,603.4938857374309
55.94606954292087,-3.191479547806825,ESE,55.94595473789116,-3.1912023839470716,710.7782425186008,714.5282425186007
55.94595473789116,-3.1912023839470716,ESE,55.945839932861446,-3.190925220087318,777.0334341877907,779.5334341877906
55.945839932861446,-3.190925220087318,NE,55.9460520648958,-3.1907130880529624,777.0334341877907,778.2834341877906
55.9460520648958,-3.1907130880529624,WNW,55.94616686992551,-3.190990251912716,777.0334341877907,777.0334341877906
55.94616686992551,-3.190990251912716,W,55.94616686992551,-3.191290251912716,777.0334341877907,775.7834341877906
55.94616686992551,-3.191290251912716,E,55.94616686992551,-3.190990251912716,777.0334341877907,774.5334341877906
55.94616686992551,-3.190990251912716,E,55.94616686992551,-3.1906902519127156,777.0334341877907,773.2834341877906
55.94616686992551,-3.1906902519127156,E,55.94616686992551,-3.1903902519127154,777.0334341877907,772.0334341877906
55.94616686992551,-3.1903902519127154,ESE,55.9460520648958,-3.190113088052962,817.8751922842439,811.6251922842438
55.9460520648958,-3.190113088052962,S,55.9457520648958,-3.190113088052962,936.0757290532745,928.5757290532744
55.9457520648958,-3.190113088052962,S,55.9454520648958,-3.190113088052962,939.1222353591234,930.3722353591232
55.9454520648958,-3.190113088052962,WSW,55.945337259866086,-3.1903902519127154,950.4668619917404,940.4668619917403
55.945337259866086,-3.1903902519127154,WSW,55.945222454836376,-3.190667415772469,1049.8980969038203,1038.6480969038203
55.945222454836376,-3.190667415772469,SSE,55.94494529097662,-3.1905526107427593,1049.8980969038203,1037.3980969038203
55.94494529097662,-3.1905526107427593,S,55.94464529097662,-3.1905526107427593,1049.8980969038203,1036.1480969038203
55.94464529097662,-3.1905526107427593,NNE,55.94492245483637,-3.19043780571305,1049.8980969038203,1034.8980969038203
55.94492245483637,-3.19043780571305,N,55.945222454836376,-3.19043780571305,1049.8980969038203,1033.6480969038203
55.945222454836376,-3.19043780571305,W,55.945222454836376,-3.19073780571305,1049.8980969038203,1032.3980969038203
55.945222454836376,-3.19073780571305,WSW,55.945107649806666,-3.1910149695728034,1118.4114508160526,1099.6614508160526
55.945107649806666,-3.1910149695728034,WNW,55.945222454836376,-3.191292133432557,1118.4114508160526,1098.4114508160526
55.945222454836376,-3.191292133432557,WSW,55.945107649806666,-3.19156929729231,1186.5985804156428,1165.3485804156428
55.945107649806666,-3.19156929729231,SSE,55.94483048594691,-3.1914544922626007,1186.5985804156428,1164.0985804156428
55.94483048594691,-3.1914544922626007,E,55.94483048594691,-3.1911544922626005,1186.5985804156428,1162.8485804156428
55.94483048594691,-3.1911544922626005,WSW,55.9447156809172,-3.191431656122354,1186.5985804156428,1161.5985804156428
55.9447156809172,-3.191431656122354,WSW,55.94460087588749,-3.1917088199821073,1186.5985804156428,1160.3485804156428
55.94460087588749,-3.1917088199821073,SE,55.94438874385313,-3.1914966879477515,1186.5985804156428,1159.0985804156428
55.94438874385313,-3.1914966879477515,S,55.94408874385313,-3.1914966879477515,1186.5985804156428,1157.8485804156428
55.94408874385313,-3.1914966879477515,SSW,55.94381157999337,-3.191611492977461,1186.5985804156428,1156.5985804156428
55.94381157999337,-3.191611492977461,NE,55.94402371202773,-3.1913993609431053,1186.5985804156428,1155.3485804156428
55.94402371202773,-3.1913993609431053,W,55.94402371202773,-3.1916993609431055,1186.5985804156428,1154.0985804156428
55.94402371202773,-3.1916993609431055,SSE,55.94374654816797,-3.191584555913396,1186.5985804156428,1152.8485804156428
55.94374654816797,-3.191584555913396,SE,55.943534416133616,-3.19137242387904,1186.5985804156428,1151.5985804156428
55.943534416133616,-3.19137242387904,NNW,55.94381157999337,-3.1914872289087497,1186.5985804156428,1150.3485804156428
55.94381157999337,-3.1914872289087497,NNE,55.94408874385313,-3.19137242387904,1186.5985804156428,1149.0985804156428
55.94408874385313,-3.19137242387904,NNE,55.944365907712886,-3.1912576188493307,1186.5985804156428,1147.8485804156428
55.944365907712886,-3.1912576188493307,NNW,55.94464307157264,-3.19137242387904,1186.5985804156428,1146.5985804156428
55.94464307157264,-3.19137242387904,W,55.94464307157264,-3.1916724238790404,1186.5985804156428,1145.3485804156428
55.94464307157264,-3.1916724238790404,WSW,55.94452826654293,-3.191949587738794,1186.5985804156428,1144.0985804156428
55.94452826654293,-3.191949587738794,NW,55.94474039857729,-3.1921617197731496,1186.5985804156428,1142.8485804156428
55.94474039857729,-3.1921617197731496,WSW,55.94462559354758,-3.192438883632903,1186.5985804156428,1141.5985804156428
55.94462559354758,-3.192438883632903,N,55.94492559354758,-3.192438883632903,1186.5985804156428,1140.3485804156428
55.94492559354758,-3.192438883632903,ESE,55.94481078851787,-3.1921617197731496,1186.5985804156428,1139.0985804156428
55.94481078851787,-3.1921617197731496,N,55.94511078851787,-3.1921617197731496,1186.5985804156428,1137.8485804156428
55.94511078851787,-3.1921617197731496,ENE,55.94522559354758,-3.191884555913396,1186.5985804156428,1136.5985804156428
55.94522559354758,-3.191884555913396,ENE,55.945340398577294,-3.1916073920536427,1186.5985804156428,1135.3485804156428
55.945340398577294,-3.1916073920536427,N,55.9456403985773,-3.1916073920536427,1186.5985804156428,1134.0985804156428
55.9456403985773,-3.1916073920536427,NE,55.94585253061165,-3.191395260019287,1186.5985804156428,1132.8485804156428
55.94585253061165,-3.191395260019287,N,55.946152530611656,-3.191395260019287,1186.5985804156428,1131.5985804156428
55.946152530611656,-3.191395260019287,E,55.946152530611656,-3.191095260019287,1186.5985804156428,1130.3485804156428
55.946152530611656,-3.191095260019287,E,55.946152530611656,-3.1907952600192866,1186.5985804156428,1129.0985804156428
55.946152530611656,-3.1907952600192866,S,55.94585253061165,-3.1907952600192866,1186.5985804156428,1127.8485804156428
55.94585253061165,-3.1907952600192866,NW,55.94606466264601,-3.1910073920536424,1186.5985804156428,1126.5985804156428
55.94606466264601,-3.1910073920536424,ENE,55.94617946767572,-3.190730228193889,1186.5985804156428,1125.3485804156428
55.94617946767572,-3.190730228193889,E,55.94617946767572,-3.1904302281938888,1186.5985804156428,1124.0985804156428
