55.944425,-3.188396,SSE,55.944147836140246,-3.1882811949702905,73.36938705202775,322.1193870520277
55.944147836140246,-3.1882811949702905,SE,55.94393570410589,-3.1880690629359347,73.36938705202775,320.8693870520277
55.94393570410589,-3.1880690629359347,ESE,55.94382089907618,-3.1877918990761813,73.36938705202775,319.6193870520277
55.94382089907618,-3.1877918990761813,SSE,55.94354373521642,-3.187677094046472,73.36938705202775,318.3693870520277
55.94354373521642,-3.187677094046472,SW,55.94333160318207,-3.1878892260808276,73.36938705202775,317.1193870520277
55.94333160318207,-3.1878892260808276,E,55.94333160318207,-3.1875892260808274,73.36938705202775,315.8693870520277
55.94333160318207,-3.1875892260808274,W,55.94333160318207,-3.1878892260808276,73.36938705202775,314.6193870520277
55.94333160318207,-3.1878892260808276,WSW,55.943216798152356,-3.188166389940581,73.36938705202775,313.3693870520277
55.943216798152356,-3.188166389940581,SE,55.943004666118,-3.187954257906225,73.36938705202775,312.1193870520277
55.943004666118,-3.187954257906225,N,55.943304666118,-3.187954257906225,73.36938705202775,310.8693870520277
55.943304666118,-3.187954257906225,NNW,55.94358182997776,-3.1880690629359347,73.36938705202775,309.6193870520277
55.94358182997776,-3.1880690629359347,NE,55.943793962012116,-3.187856930901579,73.36938705202775,308.3693870520277
55.943793962012116,-3.187856930901579,SW,55.94358182997776,-3.1880690629359347,73.36938705202775,307.1193870520277
55.94358182997776,-3.1880690629359347,SE,55.9433696979434,-3.187856930901579,73.36938705202775,305.8693870520277
55.9433696979434,-3.187856930901579,ENE,55.943484502973114,-3.1875797670418256,73.36938705202775,304.6193870520277
55.943484502973114,-3.1875797670418256,SSW,55.94320733911336,-3.187694572071535,73.36938705202775,303.3693870520277
55.94320733911336,-3.187694572071535,SSW,55.9429301752536,-3.1878093771012446,73.36938705202775,302.1193870520277
55.9429301752536,-3.1878093771012446,ESE,55.94281537022389,-3.187532213241491,73.36938705202775,300.8693870520277
55.94281537022389,-3.187532213241491,WSW,55.94270056519418,-3.1878093771012446,73.36938705202775,299.6193870520277
55.94270056519418,-3.1878093771012446,W,55.94270056519418,-3.1881093771012448,73.36938705202775,298.3693870520277
55.94270056519418,-3.1881093771012448,W,55.94270056519418,-3.188409377101245,73.36938705202775,297.1193870520277
55.94270056519418,-3.188409377101245,NW,55.942912697228536,-3.1886215091356007,73.36938705202775,295.8693870520277
55.942912697228536,-3.1886215091356007,SW,55.94270056519418,-3.1888336411699565,73.36938705202775,294.6193870520277
55.94270056519418,-3.1888336411699565,W,55.94270056519418,-3.1891336411699567,73.36938705202775,293.3693870520277
55.94270056519418,-3.1891336411699567,WNW,55.94281537022389,-3.18941080502971,73.36938705202775,292.1193870520277
55.94281537022389,-3.18941080502971,WSW,55.94270056519418,-3.1896879688894635,122.80781964433945,340.3078196443394
55.94270056519418,-3.1896879688894635,ENE,55.94281537022389,-3.18941080502971,122.80781964433945,339.0578196443394
55.94281537022389,-3.18941080502971,W,55.94281537022389,-3.1897108050297103,122.80781964433945,337.8078196443394
55.94281537022389,-3.1897108050297103,ENE,55.9429301752536,-3.189433641169957,122.80781964433945,336.5578196443394
55.9429301752536,-3.189433641169957,SE,55.942718043219244,-3.189221509135601,122.80781964433945,335.3078196443394
55.942718043219244,-3.189221509135601,W,55.942718043219244,-3.1895215091356013,122.80781964433945,334.0578196443394
55.942718043219244,-3.1895215091356013,NE,55.9429301752536,-3.1893093771012455,122.80781964433945,332.8078196443394
55.9429301752536,-3.1893093771012455,NNE,55.94320733911336,-3.189194572071536,179.4463798629765,388.19637986297647
55.94320733911336,-3.189194572071536,S,55.942907339113354,-3.189194572071536,179.4463798629765,386.94637986297647
55.942907339113354,-3.189194572071536,N,55.94320733911336,-3.189194572071536,179.4463798629765,385.69637986297647
55.94320733911336,-3.189194572071536,E,55.94320733911336,-3.188894572071536,179.4463798629765,384.44637986297647
55.94320733911336,-3.188894572071536,SSE,55.9429301752536,-3.1887797670418263,179.4463798629765,383.19637986297647
55.9429301752536,-3.1887797670418263,SSE,55.942653011393844,-3.188664962012117,179.4463798629765,381.94637986297647
55.942653011393844,-3.188664962012117,W,55.942653011393844,-3.188964962012117,179.4463798629765,380.69637986297647
55.942653011393844,-3.188964962012117,W,55.942653011393844,-3.189264962012117,179.4463798629765,379.44637986297647
55.942653011393844,-3.189264962012117,W,55.942653011393844,-3.1895649620121174,179.4463798629765,378.19637986297647
55.942653011393844,-3.1895649620121174,N,55.94295301139385,-3.1895649620121174,179.4463798629765,376.94637986297647
55.94295301139385,-3.1895649620121174,NNW,55.9432301752536,-3.189679767041827,179.4463798629765,375.69637986297647
55.9432301752536,-3.189679767041827,SSE,55.94295301139385,-3.1895649620121174,179.4463798629765,374.44637986297647
55.94295301139385,-3.1895649620121174,NE,55.9431651434282,-3.1893528299777616,179.4463798629765,373.19637986297647
55.9431651434282,-3.1893528299777616,N,55.943465143428206,-3.1893528299777616,179.4463798629765,371.94637986297647
55.943465143428206,-3.1893528299777616,S,55.9431651434282,-3.1893528299777616,179.4463798629765,370.69637986297647
55.9431651434282,-3.1893528299777616,NNW,55.94344230728796,-3.189467635007471,179.4463798629765,369.44637986297647
55.94344230728796,-3.189467635007471,SE,55.9432301752536,-3.1892555029731153,179.4463798629765,368.19637986297647
55.9432301752536,-3.1892555029731153,N,55.943530175253606,-3.1892555029731153,179.4463798629765,366.94637986297647
55.943530175253606,-3.1892555029731153,S,55.9432301752536,-3.1892555029731153,179.4463798629765,365.69637986297647
55.9432301752536,-3.1892555029731153,WNW,55.943344980283314,-3.1895326668328687,179.4463798629765,364.44637986297647
55.943344980283314,-3.1895326668328687,W,55.943344980283314,-3.189832666832869,179.4463798629765,363.19637986297647
55.943344980283314,-3.189832666832869,SE,55.94313284824896,-3.189620534798513,179.4463798629765,361.94637986297647
55.94313284824896,-3.189620534798513,ENE,55.94324765327867,-3.1893433709387597,179.4463798629765,360.69637986297647
55.94324765327867,-3.1893433709387597,NW,55.943459785313024,-3.1895555029731155,179.4463798629765,359.44637986297647
55.943459785313024,-3.1895555029731155,E,55.943459785313024,-3.1892555029731153,179.4463798629765,358.19637986297647
55.943459785313024,-3.1892555029731153,NE,55.94367191734738,-3.1890433709387596,179.4463798629765,356.94637986297647
55.94367191734738,-3.1890433709387596,E,55.94367191734738,-3.1887433709387594,179.4463798629765,355.69637986297647
55.94367191734738,-3.1887433709387594,SE,55.943459785313024,-3.1885312389044036,179.4463798629765,354.44637986297647
55.943459785313024,-3.1885312389044036,SE,55.94324765327867,-3.188319106870048,179.4463798629765,353.19637986297647
55.94324765327867,-3.188319106870048,NNE,55.943524817138425,-3.1882043018403383,179.4463798629765,351.94637986297647
55.943524817138425,-3.1882043018403383,S,55.94322481713842,-3.1882043018403383,179.4463798629765,350.69637986297647
55.94322481713842,-3.1882043018403383,NE,55.94343694917278,-3.1879921698059825,179.4463798629765,349.44637986297647
55.94343694917278,-3.1879921698059825,E,55.94343694917278,-3.1876921698059824,179.4463798629765,348.19637986297647
55.94343694917278,-3.1876921698059824,W,55.94343694917278,-3.1879921698059825,179.4463798629765,346.94637986297647
55.94343694917278,-3.1879921698059825,E,55.94343694917278,-3.1876921698059824,179.4463798629765,345.69637986297647
55.94343694917278,-3.1876921698059824,ESE,55.94332214414307,-3.187415005946229,179.4463798629765,344.44637986297647
55.94332214414307,-3.187415005946229,WNW,55.94343694917278,-3.1876921698059824,179.4463798629765,343.19637986297647
55.94343694917278,-3.1876921698059824,E,55.94343694917278,-3.187392169805982,179.4463798629765,341.94637986297647
55.94343694917278,-3.187392169805982,SSW,55.94315978531302,-3.1875069748356917,179.4463798629765,340.69637986297647
55.94315978531302,-3.1875069748356917,NNE,55.94343694917278,-3.187392169805982,179.4463798629765,339.44637986297647
55.94343694917278,-3.187392169805982,NNW,55.943714113032534,-3.1875069748356917,179.4463798629765,338.19637986297647
55.943714113032534,-3.1875069748356917,NNW,55.94399127689229,-3.187621779865401,179.4463798629765,336.94637986297647
55.94399127689229,-3.187621779865401,SW,55.943779144857935,-3.187833911899757,179.4463798629765,335.69637986297647
55.943779144857935,-3.187833911899757,NNE,55.94405630871769,-3.1877191068700474,179.4463798629765,334.44637986297647
55.94405630871769,-3.1877191068700474,NNW,55.94433347257745,-3.187833911899757,179.4463798629765,333.19637986297647
55.94433347257745,-3.187833911899757,E,55.94433347257745,-3.1875339118997568,179.4463798629765,331.94637986297647
55.94433347257745,-3.1875339118997568,W,55.94433347257745,-3.187833911899757,179.4463798629765,330.69637986297647
55.94433347257745,-3.187833911899757,NNW,55.944610636437204,-3.1879487169294665,179.4463798629765,329.44637986297647
55.944610636437204,-3.1879487169294665,SW,55.94439850440285,-3.1881608489638222,179.4463798629765,328.19637986297647
55.94439850440285,-3.1881608489638222,SSW,55.94412134054309,-3.1882756539935317,179.4463798629765,326.94637986297647
55.94412134054309,-3.1882756539935317,WSW,55.94400653551338,-3.188552817853285,179.4463798629765,325.69637986297647
55.94400653551338,-3.188552817853285,SE,55.943794403479025,-3.1883406858189294,179.4463798629765,324.44637986297647
55.943794403479025,-3.1883406858189294,E,55.943794403479025,-3.188040685818929,179.4463798629765,323.19637986297647
55.943794403479025,-3.188040685818929,ENE,55.943909208508735,-3.187763521959176,179.4463798629765,321.94637986297647
55.943909208508735,-3.187763521959176,ESE,55.943794403479025,-3.1874863580994224,179.4463798629765,320.69637986297647
55.943794403479025,-3.1874863580994224,ENE,55.943909208508735,-3.187209194239669,179.4463798629765,319.44637986297647
55.943909208508735,-3.187209194239669,SW,55.94369707647438,-3.1874213262740247,179.4463798629765,318.19637986297647
55.94369707647438,-3.1874213262740247,S,55.943397076474376,-3.1874213262740247,179.4463798629765,316.94637986297647
55.943397076474376,-3.1874213262740247,WSW,55.943282271444666,-3.187698490133778,179.4463798629765,315.69637986297647
55.943282271444666,-3.187698490133778,SE,55.94307013941031,-3.1874863580994224,179.4463798629765,314.44637986297647
55.94307013941031,-3.1874863580994224,SSW,55.94279297555055,-3.187601163129132,179.4463798629765,313.19637986297647
55.94279297555055,-3.187601163129132,E,55.94279297555055,-3.1873011631291317,179.4463798629765,311.94637986297647
55.94279297555055,-3.1873011631291317,E,55.94279297555055,-3.1870011631291315,203.47303492099138,334.7230349209914
55.94279297555055,-3.1870011631291315,NNW,55.94307013941031,-3.187115968158841,203.47303492099138,333.4730349209914
55.94307013941031,-3.187115968158841,SE,55.94285800737595,-3.1869038361244852,203.47303492099138,332.2230349209914
55.94285800737595,-3.1869038361244852,SW,55.9426458753416,-3.187115968158841,203.47303492099138,330.9730349209914
55.9426458753416,-3.187115968158841,W,55.9426458753416,-3.187415968158841,203.47303492099138,329.7230349209914
55.9426458753416,-3.187415968158841,E,55.9426458753416,-3.187115968158841,203.47303492099138,328.4730349209914
55.9426458753416,-3.187115968158841,W,55.9426458753416,-3.187415968158841,203.47303492099138,327.2230349209914
55.9426458753416,-3.187415968158841,W,55.9426458753416,-3.1877159681588414,203.47303492099138,325.9730349209914
55.9426458753416,-3.1877159681588414,NW,55.94285800737595,-3.187928100193197,203.47303492099138,324.7230349209914
55.94285800737595,-3.187928100193197,SW,55.9426458753416,-3.188140232227553,203.47303492099138,323.4730349209914
55.9426458753416,-3.188140232227553,E,55.9426458753416,-3.1878402322275528,203.47303492099138,322.2230349209914
55.9426458753416,-3.1878402322275528,W,55.9426458753416,-3.188140232227553,203.47303492099138,320.9730349209914
55.9426458753416,-3.188140232227553,WNW,55.94276068037131,-3.1884173960873063,203.47303492099138,319.7230349209914
55.94276068037131,-3.1884173960873063,WSW,55.9426458753416,-3.1886945599470597,203.47303492099138,318.4730349209914
55.9426458753416,-3.1886945599470597,W,55.9426458753416,-3.18899455994706,203.47303492099138,317.2230349209914
55.9426458753416,-3.18899455994706,W,55.9426458753416,-3.18929455994706,203.47303492099138,315.9730349209914
55.9426458753416,-3.18929455994706,E,55.9426458753416,-3.18899455994706,203.47303492099138,314.7230349209914
55.9426458753416,-3.18899455994706,W,55.9426458753416,-3.18929455994706,203.47303492099138,313.4730349209914
55.9426458753416,-3.18929455994706,W,55.9426458753416,-3.1895945599470603,203.47303492099138,312.2230349209914
55.9426458753416,-3.1895945599470603,W,55.9426458753416,-3.1898945599470605,203.47303492099138,310.9730349209914
55.9426458753416,-3.1898945599470605,ENE,55.94276068037131,-3.189617396087307,203.47303492099138,309.7230349209914
55.94276068037131,-3.189617396087307,ESE,55.9426458753416,-3.1893402322275537,203.47303492099138,308.4730349209914
55.9426458753416,-3.1893402322275537,E,55.9426458753416,-3.1890402322275535,203.47303492099138,307.2230349209914
55.9426458753416,-3.1890402322275535,WNW,55.94276068037131,-3.189317396087307,203.47303492099138,305.9730349209914
55.94276068037131,-3.189317396087307,WSW,55.9426458753416,-3.1895945599470603,203.47303492099138,304.7230349209914
55.9426458753416,-3.1895945599470603,W,55.9426458753416,-3.1898945599470605,203.47303492099138,303.4730349209914
55.9426458753416,-3.1898945599470605,W,55.9426458753416,-3.1901945599470607,203.47303492099138,302.2230349209914
55.9426458753416,-3.1901945599470607,W,55.9426458753416,-3.190494559947061,203.47303492099138,300.9730349209914
55.9426458753416,-3.190494559947061,W,55.9426458753416,-3.190794559947061,203.47303492099138,299.7230349209914
55.9426458753416,-3.190794559947061,WNW,55.94276068037131,-3.1910717238068145,281.12845254556106,376.12845254556106
55.94276068037131,-3.1910717238068145,N,55.94306068037131,-3.1910717238068145,281.12845254556106,374.87845254556106
55.94306068037131,-3.1910717238068145,NE,55.94327281240567,-3.1908595917724587,281.12845254556106,373.62845254556106
55.94327281240567,-3.1908595917724587,NNW,55.94354997626542,-3.190974396802168,281.12845254556106,372.37845254556106
55.94354997626542,-3.190974396802168,WNW,55.94366478129513,-3.1912515606619216,342.82596394885195,432.82596394885195
55.94366478129513,-3.1912515606619216,WNW,55.943779586324844,-3.191528724521675,387.1400040693392,475.8900040693392
55.943779586324844,-3.191528724521675,WNW,55.943894391354554,-3.1918058883814284,402.7952110572968,490.2952110572968
55.943894391354554,-3.1918058883814284,E,55.943894391354554,-3.1915058883814282,402.7952110572968,489.0452110572968
55.943894391354554,-3.1915058883814282,SSW,55.9436172274948,-3.1916206934111377,402.7952110572968,487.7952110572968
55.9436172274948,-3.1916206934111377,N,55.9439172274948,-3.1916206934111377,402.7952110572968,486.5452110572968
55.9439172274948,-3.1916206934111377,ESE,55.94380242246509,-3.1913435295513843,402.7952110572968,485.2952110572968
55.94380242246509,-3.1913435295513843,SSE,55.943525258605334,-3.191228724521675,402.7952110572968,484.0452110572968
55.943525258605334,-3.191228724521675,E,55.943525258605334,-3.1909287245216746,402.7952110572968,482.7952110572968
55.943525258605334,-3.1909287245216746,W,55.943525258605334,-3.191228724521675,402.7952110572968,481.5452110572968
55.943525258605334,-3.191228724521675,WSW,55.94341045357562,-3.1915058883814282,402.7952110572968,480.2952110572968
55.94341045357562,-3.1915058883814282,SSE,55.94313328971587,-3.1913910833517187,402.7952110572968,479.0452110572968
55.94313328971587,-3.1913910833517187,ESE,55.94301848468616,-3.1911139194919653,402.7952110572968,477.7952110572968
55.94301848468616,-3.1911139194919653,SE,55.9428063526518,-3.1909017874576096,402.7952110572968,476.5452110572968
55.9428063526518,-3.1909017874576096,NNE,55.94308351651156,-3.1907869824279,402.7952110572968,475.2952110572968
55.94308351651156,-3.1907869824279,NNW,55.94336068037131,-3.1909017874576096,402.7952110572968,474.0452110572968
55.94336068037131,-3.1909017874576096,NNW,55.94363784423107,-3.191016592487319,402.7952110572968,472.7952110572968
55.94363784423107,-3.191016592487319,WSW,55.94352303920136,-3.1912937563470725,402.7952110572968,471.5452110572968
55.94352303920136,-3.1912937563470725,SW,55.943310907167,-3.1915058883814282,402.7952110572968,470.2952110572968
55.943310907167,-3.1915058883814282,S,55.943010907167,-3.1915058883814282,402.7952110572968,469.0452110572968
55.943010907167,-3.1915058883814282,SSW,55.942733743307244,-3.1916206934111377,402.7952110572968,467.7952110572968
55.942733743307244,-3.1916206934111377,W,55.942733743307244,-3.191920693411138,402.7952110572968,466.5452110572968
55.942733743307244,-3.191920693411138,NE,55.9429458753416,-3.191708561376782,402.7952110572968,465.2952110572968
55.9429458753416,-3.191708561376782,NW,55.943158007375956,-3.191920693411138,402.7952110572968,464.0452110572968
55.943158007375956,-3.191920693411138,W,55.943158007375956,-3.192220693411138,402.7952110572968,462.7952110572968
55.943158007375956,-3.192220693411138,NNE,55.94343517123571,-3.1921058883814286,402.7952110572968,461.5452110572968
55.94343517123571,-3.1921058883814286,S,55.94313517123571,-3.1921058883814286,402.7952110572968,460.2952110572968
55.94313517123571,-3.1921058883814286,ESE,55.943020366206,-3.191828724521675,402.7952110572968,459.0452110572968
55.943020366206,-3.191828724521675,S,55.942720366206,-3.191828724521675,402.7952110572968,457.7952110572968
55.942720366206,-3.191828724521675,NNW,55.94299753006575,-3.1919435295513847,402.7952110572968,456.5452110572968
55.94299753006575,-3.1919435295513847,E,55.94299753006575,-3.1916435295513845,402.7952110572968,455.2952110572968
55.94299753006575,-3.1916435295513845,SSE,55.942720366206,-3.191528724521675,402.7952110572968,454.0452110572968
55.942720366206,-3.191528724521675,W,55.942720366206,-3.191828724521675,402.7952110572968,452.7952110572968
55.942720366206,-3.191828724521675,NNW,55.94299753006575,-3.1919435295513847,402.7952110572968,451.5452110572968
55.94299753006575,-3.1919435295513847,WNW,55.94311233509546,-3.192220693411138,402.7952110572968,450.2952110572968
55.94311233509546,-3.192220693411138,SW,55.94290020306111,-3.192432825445494,402.7952110572968,449.0452110572968
55.94290020306111,-3.192432825445494,SSE,55.94262303920135,-3.1923180204157844,402.7952110572968,447.7952110572968
55.94262303920135,-3.1923180204157844,NNW,55.94290020306111,-3.192432825445494,402.7952110572968,446.5452110572968
55.94290020306111,-3.192432825445494,N,55.94320020306111,-3.192432825445494,402.7952110572968,445.2952110572968
55.94320020306111,-3.192432825445494,N,55.94350020306111,-3.192432825445494,402.7952110572968,444.0452110572968
55.94350020306111,-3.192432825445494,ENE,55.94361500809082,-3.1921556615857405,402.7952110572968,442.7952110572968
55.94361500809082,-3.1921556615857405,N,55.943915008090826,-3.1921556615857405,402.7952110572968,441.5452110572968
55.943915008090826,-3.1921556615857405,NW,55.94412714012518,-3.1923677936200963,402.7952110572968,440.2952110572968
55.94412714012518,-3.1923677936200963,N,55.944427140125185,-3.1923677936200963,402.7952110572968,439.0452110572968
55.944427140125185,-3.1923677936200963,SSE,55.94414997626543,-3.1922529885903868,402.7952110572968,437.7952110572968
55.94414997626543,-3.1922529885903868,N,55.94444997626543,-3.1922529885903868,402.7952110572968,436.5452110572968
55.94444997626543,-3.1922529885903868,NW,55.94466210829979,-3.1924651206247425,402.7952110572968,435.2952110572968
55.94466210829979,-3.1924651206247425,N,55.94496210829979,-3.1924651206247425,402.7952110572968,434.0452110572968
55.94496210829979,-3.1924651206247425,NE,55.94517424033415,-3.1922529885903868,488.2213875025718,518.2213875025718
55.94517424033415,-3.1922529885903868,NW,55.9453863723685,-3.1924651206247425,488.2213875025718,516.9713875025718
55.9453863723685,-3.1924651206247425,N,55.945686372368506,-3.1924651206247425,488.2213875025718,515.7213875025718
55.945686372368506,-3.1924651206247425,N,55.94598637236851,-3.1924651206247425,488.2213875025718,514.4713875025718
55.94598637236851,-3.1924651206247425,NE,55.946198504402865,-3.1922529885903868,488.2213875025718,513.2213875025718
55.946198504402865,-3.1922529885903868,E,55.946198504402865,-3.1919529885903866,488.2213875025718,511.9713875025718
55.946198504402865,-3.1919529885903866,WSW,55.946083699373155,-3.19223015245014,488.2213875025718,510.7213875025718
55.946083699373155,-3.19223015245014,ENE,55.946198504402865,-3.1919529885903866,488.2213875025718,509.4713875025718
55.946198504402865,-3.1919529885903866,WSW,55.946083699373155,-3.19223015245014,488.2213875025718,508.2213875025718
55.946083699373155,-3.19223015245014,ENE,55.946198504402865,-3.1919529885903866,488.2213875025718,506.9713875025718
55.946198504402865,-3.1919529885903866,E,55.946198504402865,-3.1916529885903864,488.2213875025718,505.7213875025718
55.946198504402865,-3.1916529885903864,E,55.946198504402865,-3.191352988590386,488.2213875025718,504.4713875025718
55.946198504402865,-3.191352988590386,E,55.946198504402865,-3.191052988590386,488.2213875025718,503.2213875025718
55.946198504402865,-3.191052988590386,WSW,55.946083699373155,-3.1913301524501394,488.2213875025718,501.9713875025718
55.946083699373155,-3.1913301524501394,SSW,55.9458065355134,-3.191444957479849,488.2213875025718,500.7213875025718
55.9458065355134,-3.191444957479849,NNE,55.946083699373155,-3.1913301524501394,488.2213875025718,499.4713875025718
55.946083699373155,-3.1913301524501394,ENE,55.946198504402865,-3.191052988590386,488.2213875025718,498.2213875025718
55.946198504402865,-3.191052988590386,E,55.946198504402865,-3.190752988590386,488.2213875025718,496.9713875025718
55.946198504402865,-3.190752988590386,E,55.946198504402865,-3.1904529885903856,488.2213875025718,495.7213875025718
55.946198504402865,-3.1904529885903856,E,55.946198504402865,-3.1901529885903854,488.2213875025718,494.4713875025718
55.946198504402865,-3.1901529885903854,E,55.946198504402865,-3.1898529885903852,488.2213875025718,493.2213875025718
55.946198504402865,-3.1898529885903852,S,55.94589850440286,-3.1898529885903852,488.2213875025718,491.9713875025718
55.94589850440286,-3.1898529885903852,SW,55.945686372368506,-3.190065120624741,488.2213875025718,490.7213875025718
55.945686372368506,-3.190065120624741,SSW,55.94540920850875,-3.1901799256544505,603.993768881262,605.243768881262
55.94540920850875,-3.1901799256544505,WNW,55.94552401353846,-3.190457089514204,603.993768881262,603.993768881262
55.94552401353846,-3.190457089514204,W,55.94552401353846,-3.190757089514204,603.993768881262,602.743768881262
55.94552401353846,-3.190757089514204,WSW,55.94540920850875,-3.1910342533739575,667.9236957639384,665.4236957639384
55.94540920850875,-3.1910342533739575,NNE,55.945686372368506,-3.190919448344248,667.9236957639384,664.1736957639384
55.945686372368506,-3.190919448344248,NNW,55.94596353622826,-3.1910342533739575,667.9236957639384,662.9236957639384
55.94596353622826,-3.1910342533739575,SSE,55.945686372368506,-3.190919448344248,667.9236957639384,661.6736957639384
55.945686372368506,-3.190919448344248,W,55.945686372368506,-3.191219448344248,667.9236957639384,660.4236957639384
55.945686372368506,-3.191219448344248,SW,55.94547424033415,-3.191431580378604,667.9236957639384,659.1736957639384
55.94547424033415,-3.191431580378604,SE,55.945262108299794,-3.191219448344248,667.9236957639384,657.9236957639384
55.945262108299794,-3.191219448344248,SE,55.94504997626544,-3.1910073163098924,667.9236957639384,656.6736957639384
55.94504997626544,-3.1910073163098924,SSE,55.94477281240568,-3.190892511280183,667.9236957639384,655.4236957639384
55.94477281240568,-3.190892511280183,S,55.94447281240568,-3.190892511280183,667.9236957639384,654.1736957639384
55.94447281240568,-3.190892511280183,NNE,55.944749976265435,-3.1907777062504734,667.9236957639384,652.9236957639384
55.944749976265435,-3.1907777062504734,E,55.944749976265435,-3.1904777062504732,728.7214209402243,712.4714209402243
55.944749976265435,-3.1904777062504732,W,55.944749976265435,-3.1907777062504734,728.7214209402243,711.2214209402243
55.944749976265435,-3.1907777062504734,NW,55.94496210829979,-3.190989838284829,728.7214209402243,709.9714209402243
55.94496210829979,-3.190989838284829,WNW,55.9450769133295,-3.1912670021445826,728.7214209402243,708.7214209402243
55.9450769133295,-3.1912670021445826,NE,55.94528904536386,-3.191054870110227,728.7214209402243,707.4714209402243
55.94528904536386,-3.191054870110227,SSE,55.9450118815041,-3.1909400650805173,728.7214209402243,706.2214209402243
55.9450118815041,-3.1909400650805173,E,55.9450118815041,-3.190640065080517,728.7214209402243,704.9714209402243
55.9450118815041,-3.190640065080517,WSW,55.94489707647439,-3.1909172289402705,728.7214209402243,703.7214209402243
55.94489707647439,-3.1909172289402705,WSW,55.94478227144468,-3.191194392800024,728.7214209402243,702.4714209402243
55.94478227144468,-3.191194392800024,WSW,55.94466746641497,-3.1914715566597773,820.8162743337773,793.3162743337773
55.94466746641497,-3.1914715566597773,WSW,55.94455266138526,-3.1917487205195307,909.9750203907633,881.2250203907633
55.94455266138526,-3.1917487205195307,SSW,55.9442754975255,-3.1918635255492402,909.9750203907633,879.9750203907633
55.9442754975255,-3.1918635255492402,NE,55.94448762955986,-3.1916513935148845,909.9750203907633,878.7250203907633
55.94448762955986,-3.1916513935148845,W,55.94448762955986,-3.1919513935148847,909.9750203907633,877.4750203907633
55.94448762955986,-3.1919513935148847,SSE,55.9442104657001,-3.191836588485175,909.9750203907633,876.2250203907633
55.9442104657001,-3.191836588485175,SE,55.943998333665746,-3.1916244564508194,909.9750203907633,874.9750203907633
55.943998333665746,-3.1916244564508194,NNW,55.9442754975255,-3.191739261480529,909.9750203907633,873.7250203907633
55.9442754975255,-3.191739261480529,NNE,55.94455266138526,-3.1916244564508194,909.9750203907633,872.4750203907633
55.94455266138526,-3.1916244564508194,NNE,55.944829825245016,-3.19150965142111,909.9750203907633,871.2250203907633
55.944829825245016,-3.19150965142111,NNW,55.94510698910477,-3.1916244564508194,909.9750203907633,869.9750203907633
55.94510698910477,-3.1916244564508194,W,55.94510698910477,-3.1919244564508196,909.9750203907633,868.7250203907633
55.94510698910477,-3.1919244564508196,WSW,55.94499218407506,-3.192201620310573,909.9750203907633,867.4750203907633
55.94499218407506,-3.192201620310573,NW,55.94520431610942,-3.1924137523449287,909.9750203907633,866.2250203907633
55.94520431610942,-3.1924137523449287,N,55.94550431610942,-3.1924137523449287,909.9750203907633,864.9750203907633
55.94550431610942,-3.1924137523449287,N,55.945804316109424,-3.1924137523449287,909.9750203907633,863.7250203907633
55.945804316109424,-3.1924137523449287,ESE,55.94568951107971,-3.1921365884851753,909.9750203907633,862.4750203907633
55.94568951107971,-3.1921365884851753,SSE,55.94541234721996,-3.192021783455466,909.9750203907633,861.2250203907633
55.94541234721996,-3.192021783455466,E,55.94541234721996,-3.1917217834554656,909.9750203907633,859.9750203907633
55.94541234721996,-3.1917217834554656,ENE,55.94552715224967,-3.1914446195957122,909.9750203907633,858.7250203907633
55.94552715224967,-3.1914446195957122,N,55.94582715224967,-3.1914446195957122,909.9750203907633,857.4750203907633
55.94582715224967,-3.1914446195957122,NE,55.946039284284026,-3.1912324875613565,909.9750203907633,856.2250203907633
55.946039284284026,-3.1912324875613565,WNW,55.94615408931374,-3.19150965142111,909.9750203907633,854.9750203907633
55.94615408931374,-3.19150965142111,E,55.94615408931374,-3.1912096514211097,909.9750203907633,853.7250203907633
55.94615408931374,-3.1912096514211097,E,55.94615408931374,-3.1909096514211095,909.9750203907633,852.4750203907633
55.94615408931374,-3.1909096514211095,S,55.945854089313734,-3.1909096514211095,909.9750203907633,851.2250203907633
55.945854089313734,-3.1909096514211095,NW,55.94606622134809,-3.1911217834554653,909.9750203907633,849.9750203907633
55.94606622134809,-3.1911217834554653,ENE,55.9461810263778,-3.190844619595712,909.9750203907633,848.7250203907633
55.9461810263778,-3.190844619595712,E,55.9461810263778,-3.1905446195957117,909.9750203907633,847.4750203907633
