55.944425,-3.188396,ENE,55.94453980502971,-3.1881188361402466,0.0,248.75
55.94453980502971,-3.1881188361402466,N,55.944839805029716,-3.1881188361402466,106.79947167770212,354.2994716777021
55.944839805029716,-3.1881188361402466,ESE,55.944725000000005,-3.187841672280493,106.79947167770212,353.0494716777021
55.944725000000005,-3.187841672280493,SSE,55.94444783614025,-3.1877268672507837,106.79947167770212,351.7994716777021
55.94444783614025,-3.1877268672507837,SE,55.94423570410589,-3.187514735216428,133.79274838986757,377.54274838986754
55.94423570410589,-3.187514735216428,E,55.94423570410589,-3.1872147352164277,133.79274838986757,376.29274838986754
55.94423570410589,-3.1872147352164277,W,55.94423570410589,-3.187514735216428,133.79274838986757,375.04274838986754
55.94423570410589,-3.187514735216428,WNW,55.9443505091356,-3.1877918990761813,133.79274838986757,373.79274838986754
55.9443505091356,-3.1877918990761813,SE,55.94413837710125,-3.1875797670418256,133.79274838986757,372.54274838986754
55.94413837710125,-3.1875797670418256,N,55.94443837710125,-3.1875797670418256,133.79274838986757,371.29274838986754
55.94443837710125,-3.1875797670418256,NNW,55.944715540961006,-3.187694572071535,133.79274838986757,370.04274838986754
55.944715540961006,-3.187694572071535,NNE,55.94499270482076,-3.1875797670418256,153.55544221682825,388.5554422168282
55.94499270482076,-3.1875797670418256,SW,55.94478057278641,-3.1877918990761813,153.55544221682825,387.3054422168282
55.94478057278641,-3.1877918990761813,SE,55.94456844075205,-3.1875797670418256,153.55544221682825,386.0554422168282
55.94456844075205,-3.1875797670418256,ENE,55.94468324578176,-3.187302603182072,153.55544221682825,384.8054422168282
55.94468324578176,-3.187302603182072,SSW,55.944406081922004,-3.1874174082117817,153.55544221682825,383.5554422168282
55.944406081922004,-3.1874174082117817,SSW,55.94412891806225,-3.187532213241491,153.55544221682825,382.3054422168282
55.94412891806225,-3.187532213241491,ESE,55.94401411303254,-3.1872550493817378,153.55544221682825,381.0554422168282
55.94401411303254,-3.1872550493817378,SE,55.94380198099818,-3.187042917347382,153.55544221682825,379.8054422168282
55.94380198099818,-3.187042917347382,W,55.94380198099818,-3.187342917347382,153.55544221682825,378.5554422168282
55.94380198099818,-3.187342917347382,S,55.94350198099818,-3.187342917347382,153.55544221682825,377.3054422168282
55.94350198099818,-3.187342917347382,NW,55.943714113032534,-3.187555049381738,153.55544221682825,376.0554422168282
55.943714113032534,-3.187555049381738,SW,55.94350198099818,-3.1877671814160937,153.55544221682825,374.8054422168282
55.94350198099818,-3.1877671814160937,WSW,55.94338717596847,-3.188044345275847,153.55544221682825,373.5554422168282
55.94338717596847,-3.188044345275847,WNW,55.94350198099818,-3.1883215091356005,153.55544221682825,372.3054422168282
55.94350198099818,-3.1883215091356005,NE,55.943714113032534,-3.1881093771012448,153.55544221682825,371.0554422168282
55.943714113032534,-3.1881093771012448,ENE,55.943828918062245,-3.1878322132414914,153.55544221682825,369.8054422168282
55.943828918062245,-3.1878322132414914,W,55.943828918062245,-3.1881322132414915,153.55544221682825,368.5554422168282
55.943828918062245,-3.1881322132414915,E,55.943828918062245,-3.1878322132414914,153.55544221682825,367.3054422168282
55.943828918062245,-3.1878322132414914,SE,55.94361678602789,-3.1876200812071356,153.55544221682825,366.0554422168282
55.94361678602789,-3.1876200812071356,ESE,55.94350198099818,-3.187342917347382,153.55544221682825,364.8054422168282
55.94350198099818,-3.187342917347382,NE,55.943714113032534,-3.1871307853130264,153.55544221682825,363.5554422168282
55.943714113032534,-3.1871307853130264,SSW,55.94343694917278,-3.187245590342736,153.55544221682825,362.3054422168282
55.94343694917278,-3.187245590342736,S,55.943136949172775,-3.187245590342736,153.55544221682825,361.0554422168282
55.943136949172775,-3.187245590342736,N,55.94343694917278,-3.187245590342736,153.55544221682825,359.8054422168282
55.94343694917278,-3.187245590342736,E,55.94343694917278,-3.1869455903427357,153.55544221682825,358.5554422168282
55.94343694917278,-3.1869455903427357,SSE,55.94315978531302,-3.186830785313026,153.55544221682825,357.3054422168282
55.94315978531302,-3.186830785313026,SSE,55.942882621453265,-3.1867159802833167,153.55544221682825,356.0554422168282
55.942882621453265,-3.1867159802833167,SW,55.94267048941891,-3.1869281123176725,153.55544221682825,354.8054422168282
55.94267048941891,-3.1869281123176725,W,55.94267048941891,-3.1872281123176727,153.55544221682825,353.5554422168282
55.94267048941891,-3.1872281123176727,W,55.94267048941891,-3.187528112317673,153.55544221682825,352.3054422168282
55.94267048941891,-3.187528112317673,NNE,55.942947653278665,-3.1874133072879633,153.55544221682825,351.0554422168282
55.942947653278665,-3.1874133072879633,N,55.94324765327867,-3.1874133072879633,153.55544221682825,349.8054422168282
55.94324765327867,-3.1874133072879633,SSE,55.94297048941891,-3.187298502258254,153.55544221682825,348.5554422168282
55.94297048941891,-3.187298502258254,NE,55.94318262145327,-3.187086370223898,153.55544221682825,347.3054422168282
55.94318262145327,-3.187086370223898,N,55.94348262145327,-3.187086370223898,153.55544221682825,346.0554422168282
55.94348262145327,-3.187086370223898,S,55.94318262145327,-3.187086370223898,153.55544221682825,344.8054422168282
55.94318262145327,-3.187086370223898,NNW,55.943459785313024,-3.1872011752536076,153.55544221682825,343.5554422168282
55.943459785313024,-3.1872011752536076,SE,55.94324765327867,-3.186989043219252,153.55544221682825,342.3054422168282
55.94324765327867,-3.186989043219252,N,55.94354765327867,-3.186989043219252,153.55544221682825,341.0554422168282
55.94354765327867,-3.186989043219252,S,55.94324765327867,-3.186989043219252,153.55544221682825,339.8054422168282
55.94324765327867,-3.186989043219252,WNW,55.94336245830838,-3.187266207079005,153.55544221682825,338.5554422168282
55.94336245830838,-3.187266207079005,WNW,55.94347726333809,-3.1875433709387586,153.55544221682825,337.3054422168282
55.94347726333809,-3.1875433709387586,SE,55.94326513130373,-3.187331238904403,153.55544221682825,336.0554422168282
55.94326513130373,-3.187331238904403,ENE,55.94337993633344,-3.1870540750446494,153.55544221682825,334.8054422168282
55.94337993633344,-3.1870540750446494,NW,55.9435920683678,-3.187266207079005,153.55544221682825,333.5554422168282
55.9435920683678,-3.187266207079005,E,55.9435920683678,-3.186966207079005,153.55544221682825,332.3054422168282
55.9435920683678,-3.186966207079005,NE,55.943804200402155,-3.1867540750446492,153.55544221682825,331.0554422168282
55.943804200402155,-3.1867540750446492,NNE,55.94408136426191,-3.1866392700149397,249.54605683336112,425.7960568333611
55.94408136426191,-3.1866392700149397,SE,55.943869232227556,-3.186427137980584,304.07090869235594,479.0709086923559
55.943869232227556,-3.186427137980584,SE,55.9436571001932,-3.186215005946228,304.07090869235594,477.8209086923559
55.9436571001932,-3.186215005946228,SE,55.94344496815884,-3.1860028739118724,316.6494991322866,489.14949913228656
55.94344496815884,-3.1860028739118724,S,55.94314496815884,-3.1860028739118724,316.6494991322866,487.89949913228656
55.94314496815884,-3.1860028739118724,NE,55.9433571001932,-3.1857907418775167,316.6494991322866,486.64949913228656
55.9433571001932,-3.1857907418775167,E,55.9433571001932,-3.1854907418775165,316.6494991322866,485.39949913228656
55.9433571001932,-3.1854907418775165,W,55.9433571001932,-3.1857907418775167,316.6494991322866,484.14949913228656
55.9433571001932,-3.1857907418775167,E,55.9433571001932,-3.1854907418775165,316.6494991322866,482.89949913228656
55.9433571001932,-3.1854907418775165,ESE,55.943242295163486,-3.185213578017763,316.6494991322866,481.64949913228656
55.943242295163486,-3.185213578017763,WNW,55.9433571001932,-3.1854907418775165,316.6494991322866,480.39949913228656
55.9433571001932,-3.1854907418775165,E,55.9433571001932,-3.1851907418775163,316.6494991322866,479.14949913228656
55.9433571001932,-3.1851907418775163,SSW,55.94307993633344,-3.185305546907226,316.6494991322866,477.89949913228656
55.94307993633344,-3.185305546907226,NNE,55.9433571001932,-3.1851907418775163,316.6494991322866,476.64949913228656
55.9433571001932,-3.1851907418775163,NNW,55.94363426405295,-3.185305546907226,316.6494991322866,475.39949913228656
55.94363426405295,-3.185305546907226,NNW,55.94391142791271,-3.1854203519369353,316.6494991322866,474.14949913228656
55.94391142791271,-3.1854203519369353,WNW,55.94402623294242,-3.1856975157966887,413.69897670688687,569.9489767068868
55.94402623294242,-3.1856975157966887,WNW,55.94414103797213,-3.185974679656442,449.64202569787494,604.6420256978749
55.94414103797213,-3.185974679656442,NNW,55.94441820183189,-3.1860894846861516,449.64202569787494,603.3920256978749
55.94441820183189,-3.1860894846861516,NNE,55.94469536569164,-3.185974679656442,533.6671747848288,686.1671747848288
55.94469536569164,-3.185974679656442,W,55.94469536569164,-3.1862746796564423,533.6671747848288,684.9171747848288
55.94469536569164,-3.1862746796564423,NNW,55.9449725295514,-3.186389484686152,533.6671747848288,683.6671747848288
55.9449725295514,-3.186389484686152,S,55.9446725295514,-3.186389484686152,533.6671747848288,682.4171747848288
55.9446725295514,-3.186389484686152,W,55.9446725295514,-3.186689484686152,533.6671747848288,681.1671747848288
55.9446725295514,-3.186689484686152,WSW,55.94455772452169,-3.1869666485459054,533.6671747848288,679.9171747848288
55.94455772452169,-3.1869666485459054,SSE,55.94428056066193,-3.186851843516196,533.6671747848288,678.6671747848288
55.94428056066193,-3.186851843516196,ESE,55.94416575563222,-3.1865746796564425,533.6671747848288,677.4171747848288
55.94416575563222,-3.1865746796564425,E,55.94416575563222,-3.1862746796564423,533.6671747848288,676.1671747848288
55.94416575563222,-3.1862746796564423,ESE,55.94405095060251,-3.185997515796689,533.6671747848288,674.9171747848288
55.94405095060251,-3.185997515796689,ENE,55.94416575563222,-3.1857203519369355,533.6671747848288,673.6671747848288
55.94416575563222,-3.1857203519369355,SSE,55.94388859177246,-3.185605546907226,533.6671747848288,672.4171747848288
55.94388859177246,-3.185605546907226,E,55.94388859177246,-3.185305546907226,533.6671747848288,671.1671747848288
55.94388859177246,-3.185305546907226,WSW,55.94377378674275,-3.185582710766979,533.6671747848288,669.9171747848288
55.94377378674275,-3.185582710766979,SE,55.9435616547084,-3.1853705787326234,533.6671747848288,668.6671747848288
55.9435616547084,-3.1853705787326234,SSW,55.94328449084864,-3.185485383762333,533.6671747848288,667.4171747848288
55.94328449084864,-3.185485383762333,E,55.94328449084864,-3.1851853837623327,533.6671747848288,666.1671747848288
55.94328449084864,-3.1851853837623327,NNW,55.9435616547084,-3.1853001887920422,533.6671747848288,664.9171747848288
55.9435616547084,-3.1853001887920422,NNW,55.94383881856815,-3.1854149938217518,533.6671747848288,663.6671747848288
55.94383881856815,-3.1854149938217518,SE,55.9436266865338,-3.185202861787396,533.6671747848288,662.4171747848288
55.9436266865338,-3.185202861787396,SSW,55.94334952267404,-3.1853176668171055,533.6671747848288,661.1671747848288
55.94334952267404,-3.1853176668171055,WSW,55.94323471764433,-3.185594830676859,533.6671747848288,659.9171747848288
55.94323471764433,-3.185594830676859,E,55.94323471764433,-3.1852948306768587,533.6671747848288,658.6671747848288
55.94323471764433,-3.1852948306768587,WSW,55.94311991261462,-3.185571994536612,533.6671747848288,657.4171747848288
55.94311991261462,-3.185571994536612,S,55.94281991261462,-3.185571994536612,533.6671747848288,656.1671747848288
55.94281991261462,-3.185571994536612,NW,55.94303204464897,-3.185784126570968,533.6671747848288,654.9171747848288
55.94303204464897,-3.185784126570968,SW,55.94281991261462,-3.1859962586053236,533.6671747848288,653.6671747848288
55.94281991261462,-3.1859962586053236,E,55.94281991261462,-3.1856962586053235,533.6671747848288,652.4171747848288
55.94281991261462,-3.1856962586053235,WSW,55.942705107584906,-3.185973422465077,533.6671747848288,651.1671747848288
55.942705107584906,-3.185973422465077,WNW,55.94281991261462,-3.1862505863248303,533.6671747848288,649.9171747848288
55.94281991261462,-3.1862505863248303,WSW,55.942705107584906,-3.1865277501845837,533.6671747848288,648.6671747848288
55.942705107584906,-3.1865277501845837,W,55.942705107584906,-3.186827750184584,533.6671747848288,647.4171747848288
55.942705107584906,-3.186827750184584,W,55.942705107584906,-3.187127750184584,533.6671747848288,646.1671747848288
55.942705107584906,-3.187127750184584,E,55.942705107584906,-3.186827750184584,533.6671747848288,644.9171747848288
55.942705107584906,-3.186827750184584,W,55.942705107584906,-3.187127750184584,533.6671747848288,643.6671747848288
55.942705107584906,-3.187127750184584,W,55.942705107584906,-3.1874277501845842,533.6671747848288,642.4171747848288
55.942705107584906,-3.1874277501845842,W,55.942705107584906,-3.1877277501845844,533.6671747848288,641.1671747848288
55.942705107584906,-3.1877277501845844,ENE,55.94281991261462,-3.187450586324831,533.6671747848288,639.9171747848288
55.94281991261462,-3.187450586324831,ESE,55.942705107584906,-3.1871734224650776,533.6671747848288,638.6671747848288
55.942705107584906,-3.1871734224650776,E,55.942705107584906,-3.1868734224650774,533.6671747848288,637.4171747848288
55.942705107584906,-3.1868734224650774,WNW,55.94281991261462,-3.187150586324831,533.6671747848288,636.1671747848288
55.94281991261462,-3.187150586324831,WSW,55.942705107584906,-3.1874277501845842,533.6671747848288,634.9171747848288
55.942705107584906,-3.1874277501845842,W,55.942705107584906,-3.1877277501845844,533.6671747848288,633.6671747848288
55.942705107584906,-3.1877277501845844,W,55.942705107584906,-3.1880277501845846,533.6671747848288,632.4171747848288
55.942705107584906,-3.1880277501845846,W,55.942705107584906,-3.188327750184585,533.6671747848288,631.1671747848288
55.942705107584906,-3.188327750184585,W,55.942705107584906,-3.188627750184585,533.6671747848288,629.9171747848288
55.942705107584906,-3.188627750184585,NW,55.94291723961926,-3.1888398822189408,533.6671747848288,628.6671747848288
55.94291723961926,-3.1888398822189408,N,55.943217239619266,-3.1888398822189408,533.6671747848288,627.4171747848288
55.943217239619266,-3.1888398822189408,NW,55.94342937165362,-3.1890520142532965,533.6671747848288,626.1671747848288
55.94342937165362,-3.1890520142532965,NW,55.94364150368798,-3.1892641462876523,533.6671747848288,624.9171747848288
55.94364150368798,-3.1892641462876523,SSW,55.94336433982822,-3.189378951317362,533.6671747848288,623.6671747848288
55.94336433982822,-3.189378951317362,SSE,55.943087175968465,-3.1892641462876523,533.6671747848288,622.4171747848288
55.943087175968465,-3.1892641462876523,SSE,55.94281001210871,-3.189149341257943,640.850775657457,728.350775657457
55.94281001210871,-3.189149341257943,E,55.94281001210871,-3.1888493412579426,640.850775657457,727.100775657457
55.94281001210871,-3.1888493412579426,WSW,55.942695207079,-3.189126505117696,640.850775657457,725.850775657457
55.942695207079,-3.189126505117696,N,55.942995207079,-3.189126505117696,640.850775657457,724.600775657457
55.942995207079,-3.189126505117696,ESE,55.94288040204929,-3.1888493412579426,640.850775657457,723.350775657457
55.94288040204929,-3.1888493412579426,SW,55.942668270014934,-3.1890614732922984,640.850775657457,722.100775657457
55.942668270014934,-3.1890614732922984,E,55.942668270014934,-3.188761473292298,640.850775657457,720.850775657457
55.942668270014934,-3.188761473292298,W,55.942668270014934,-3.1890614732922984,640.850775657457,719.600775657457
55.942668270014934,-3.1890614732922984,W,55.942668270014934,-3.1893614732922986,640.850775657457,718.350775657457
55.942668270014934,-3.1893614732922986,WNW,55.942783075044645,-3.189638637152052,716.1966929160592,792.4466929160592
55.942783075044645,-3.189638637152052,WNW,55.942897880074355,-3.1899158010118054,830.631320645631,905.631320645631
55.942897880074355,-3.1899158010118054,WNW,55.943012685104065,-3.190192964871559,896.3863606264822,970.1363606264822
55.943012685104065,-3.190192964871559,NNW,55.94328984896382,-3.1903077699012683,934.854427801369,1007.354427801369
55.94328984896382,-3.1903077699012683,W,55.94328984896382,-3.1906077699012685,934.854427801369,1006.104427801369
55.94328984896382,-3.1906077699012685,NNW,55.94356701282358,-3.190722574930978,934.854427801369,1004.854427801369
55.94356701282358,-3.190722574930978,S,55.943267012823576,-3.190722574930978,934.854427801369,1003.604427801369
55.943267012823576,-3.190722574930978,ESE,55.943152207793865,-3.1904454110712246,934.854427801369,1002.354427801369
55.943152207793865,-3.1904454110712246,WSW,55.943037402764155,-3.190722574930978,934.854427801369,1001.104427801369
55.943037402764155,-3.190722574930978,SSW,55.9427602389044,-3.1908373799606875,1029.2880629123865,1094.2880629123865
55.9427602389044,-3.1908373799606875,W,55.9427602389044,-3.1911373799606877,1029.2880629123865,1093.0380629123865
55.9427602389044,-3.1911373799606877,NE,55.942972370938755,-3.190925247926332,1029.2880629123865,1091.7880629123865
55.942972370938755,-3.190925247926332,NW,55.94318450297311,-3.1911373799606877,1029.2880629123865,1090.5380629123865
55.94318450297311,-3.1911373799606877,SW,55.942972370938755,-3.1913495119950435,1029.2880629123865,1089.2880629123865
55.942972370938755,-3.1913495119950435,WNW,55.943087175968465,-3.191626675854797,1029.4653582140566,1088.2153582140566
55.943087175968465,-3.191626675854797,S,55.94278717596846,-3.191626675854797,1029.4653582140566,1086.9653582140566
55.94278717596846,-3.191626675854797,ESE,55.94267237093875,-3.1913495119950435,1029.4653582140566,1085.7153582140566
55.94267237093875,-3.1913495119950435,W,55.94267237093875,-3.1916495119950437,1029.4653582140566,1084.4653582140566
55.94267237093875,-3.1916495119950437,W,55.94267237093875,-3.191949511995044,1029.4653582140566,1083.2153582140566
55.94267237093875,-3.191949511995044,E,55.94267237093875,-3.1916495119950437,1029.4653582140566,1081.9653582140566
55.94267237093875,-3.1916495119950437,W,55.94267237093875,-3.191949511995044,1029.4653582140566,1080.7153582140566
55.94267237093875,-3.191949511995044,W,55.94267237093875,-3.192249511995044,1029.4653582140566,1079.4653582140566
55.94267237093875,-3.192249511995044,NW,55.94288450297311,-3.1924616440294,1029.4653582140566,1078.2153582140566
55.94288450297311,-3.1924616440294,N,55.94318450297311,-3.1924616440294,1029.4653582140566,1076.9653582140566
55.94318450297311,-3.1924616440294,SSE,55.942907339113354,-3.1923468389996903,1029.4653582140566,1075.7153582140566
55.942907339113354,-3.1923468389996903,SSE,55.9426301752536,-3.192232033969981,1029.4653582140566,1074.4653582140566
55.9426301752536,-3.192232033969981,NW,55.942842307287954,-3.1924441660043366,1029.4653582140566,1073.2153582140566
55.942842307287954,-3.1924441660043366,N,55.94314230728796,-3.1924441660043366,1029.4653582140566,1071.9653582140566
55.94314230728796,-3.1924441660043366,N,55.94344230728796,-3.1924441660043366,1029.4653582140566,1070.7153582140566
55.94344230728796,-3.1924441660043366,NE,55.943654439322316,-3.192232033969981,1029.4653582140566,1069.4653582140566
55.943654439322316,-3.192232033969981,N,55.94395443932232,-3.192232033969981,1089.4944172090522,1128.2444172090522
55.94395443932232,-3.192232033969981,NW,55.944166571356675,-3.1924441660043366,1089.4944172090522,1126.9944172090522
55.944166571356675,-3.1924441660043366,ENE,55.944281376386385,-3.192167002144583,1089.4944172090522,1125.7444172090522
55.944281376386385,-3.192167002144583,SSE,55.94400421252663,-3.1920521971148736,1089.4944172090522,1124.4944172090522
55.94400421252663,-3.1920521971148736,NE,55.944216344560985,-3.191840065080518,1089.4944172090522,1123.2444172090522
55.944216344560985,-3.191840065080518,NE,55.94442847659534,-3.191627933046162,1089.4944172090522,1121.9944172090522
55.94442847659534,-3.191627933046162,NNW,55.9447056404551,-3.1917427380758716,1089.4944172090522,1120.7444172090522
55.9447056404551,-3.1917427380758716,WNW,55.94482044548481,-3.192019901935625,1089.4944172090522,1119.4944172090522
55.94482044548481,-3.192019901935625,WNW,55.94493525051452,-3.1922970657953784,1147.429096787075,1176.179096787075
55.94493525051452,-3.1922970657953784,ENE,55.94505005554423,-3.192019901935625,1147.429096787075,1174.929096787075
55.94505005554423,-3.192019901935625,NNW,55.945327219403985,-3.1921347069653345,1147.429096787075,1173.679096787075
55.945327219403985,-3.1921347069653345,NNE,55.94560438326374,-3.192019901935625,1185.0154623916706,1210.0154623916706
55.94560438326374,-3.192019901935625,WSW,55.94548957823403,-3.1922970657953784,1185.0154623916706,1208.7654623916706
55.94548957823403,-3.1922970657953784,SE,55.945277446199675,-3.1920849337610226,1185.0154623916706,1207.5154623916706
55.945277446199675,-3.1920849337610226,NW,55.94548957823403,-3.1922970657953784,1185.0154623916706,1206.2654623916706
55.94548957823403,-3.1922970657953784,NNW,55.94576674209379,-3.192411870825088,1185.0154623916706,1205.0154623916706
55.94576674209379,-3.192411870825088,N,55.94606674209379,-3.192411870825088,1185.0154623916706,1203.7654623916706
55.94606674209379,-3.192411870825088,ENE,55.9461815471235,-3.1921347069653345,1185.0154623916706,1202.5154623916706
55.9461815471235,-3.1921347069653345,E,55.9461815471235,-3.1918347069653343,1185.0154623916706,1201.2654623916706
55.9461815471235,-3.1918347069653343,E,55.9461815471235,-3.191534706965334,1185.0154623916706,1200.0154623916706
55.9461815471235,-3.191534706965334,SE,55.945969415089145,-3.1913225749309784,1235.30900659889,1249.05900659889
55.945969415089145,-3.1913225749309784,WSW,55.945854610059435,-3.1915997387907318,1235.30900659889,1247.80900659889
55.945854610059435,-3.1915997387907318,NNE,55.94613177391919,-3.1914849337610223,1235.30900659889,1246.55900659889
55.94613177391919,-3.1914849337610223,E,55.94613177391919,-3.191184933761022,1235.30900659889,1245.30900659889
55.94613177391919,-3.191184933761022,SE,55.945919641884835,-3.1909728017266663,1268.7793078804132,1277.5293078804132
55.945919641884835,-3.1909728017266663,WNW,55.946034446914545,-3.1912499655864197,1268.7793078804132,1276.2793078804132
55.946034446914545,-3.1912499655864197,ENE,55.946149251944256,-3.1909728017266663,1268.7793078804132,1275.0293078804132
55.946149251944256,-3.1909728017266663,E,55.946149251944256,-3.190672801726666,1268.7793078804132,1273.7793078804132
55.946149251944256,-3.190672801726666,S,55.94584925194425,-3.190672801726666,1268.7793078804132,1272.5293078804132
55.94584925194425,-3.190672801726666,SSE,55.945572088084496,-3.1905579966969566,1336.1505429008032,1338.6505429008032
55.945572088084496,-3.1905579966969566,NNE,55.94584925194425,-3.190443191667247,1337.9888645404758,1339.2388645404758
55.94584925194425,-3.190443191667247,WNW,55.94596405697396,-3.1907203555270005,1337.9888645404758,1337.9888645404758
55.94596405697396,-3.1907203555270005,W,55.94596405697396,-3.1910203555270007,1337.9888645404758,1336.7388645404758
55.94596405697396,-3.1910203555270007,NE,55.94617618900832,-3.190808223492645,1337.9888645404758,1335.4888645404758
55.94617618900832,-3.190808223492645,E,55.94617618900832,-3.1905082234926447,1337.9888645404758,1334.2388645404758
55.94617618900832,-3.1905082234926447,E,55.94617618900832,-3.1902082234926445,1337.9888645404758,1332.9888645404758
55.94617618900832,-3.1902082234926445,SSE,55.94589902514856,-3.190093418462935,1337.9888645404758,1331.7388645404758
55.94589902514856,-3.190093418462935,W,55.94589902514856,-3.1903934184629352,1337.9888645404758,1330.4888645404758
55.94589902514856,-3.1903934184629352,SW,55.94568689311421,-3.190605550497291,1337.9888645404758,1329.2388645404758
55.94568689311421,-3.190605550497291,SE,55.94547476107985,-3.1903934184629352,1337.9888645404758,1327.9888645404758
55.94547476107985,-3.1903934184629352,SSW,55.945197597220094,-3.1905082234926447,1337.9888645404758,1326.7388645404758
55.945197597220094,-3.1905082234926447,S,55.94489759722009,-3.1905082234926447,1337.9888645404758,1325.4888645404758
55.94489759722009,-3.1905082234926447,S,55.94459759722009,-3.1905082234926447,1337.9888645404758,1324.2388645404758
55.94459759722009,-3.1905082234926447,NNE,55.944874761079845,-3.1903934184629352,1337.9888645404758,1322.9888645404758
55.944874761079845,-3.1903934184629352,ESE,55.944759956050135,-3.190116254603182,1337.9888645404758,1321.7388645404758
55.944759956050135,-3.190116254603182,W,55.944759956050135,-3.190416254603182,1337.9888645404758,1320.4888645404758
55.944759956050135,-3.190416254603182,NW,55.94497208808449,-3.190628386637538,1337.9888645404758,1319.2388645404758
55.94497208808449,-3.190628386637538,WNW,55.9450868931142,-3.190905550497291,1337.9888645404758,1317.9888645404758
55.9450868931142,-3.190905550497291,NE,55.94529902514856,-3.1906934184629354,1337.9888645404758,1316.7388645404758
55.94529902514856,-3.1906934184629354,SSE,55.9450218612888,-3.190578613433226,1337.9888645404758,1315.4888645404758
55.9450218612888,-3.190578613433226,SE,55.944809729254445,-3.19036648139887,1337.9888645404758,1314.2388645404758
55.944809729254445,-3.19036648139887,WSW,55.944694924224734,-3.1906436452586235,1337.9888645404758,1312.9888645404758
55.944694924224734,-3.1906436452586235,WSW,55.944580119195024,-3.190920809118377,1337.9888645404758,1311.7388645404758
55.944580119195024,-3.190920809118377,SE,55.94436798716067,-3.190708677084021,1337.9888645404758,1310.4888645404758
55.94436798716067,-3.190708677084021,S,55.944067987160665,-3.190708677084021,1337.9888645404758,1309.2388645404758
55.944067987160665,-3.190708677084021,SSW,55.94379082330091,-3.1908234821137307,1337.9888645404758,1307.9888645404758
55.94379082330091,-3.1908234821137307,NE,55.944002955335264,-3.190611350079375,1337.9888645404758,1306.7388645404758
55.944002955335264,-3.190611350079375,W,55.944002955335264,-3.190911350079375,1337.9888645404758,1305.4888645404758
55.944002955335264,-3.190911350079375,SSE,55.94372579147551,-3.1907965450496656,1337.9888645404758,1304.2388645404758
55.94372579147551,-3.1907965450496656,SE,55.94351365944115,-3.19058441301531,1337.9888645404758,1302.9888645404758
55.94351365944115,-3.19058441301531,NNW,55.94379082330091,-3.1906992180450193,1337.9888645404758,1301.7388645404758
55.94379082330091,-3.1906992180450193,NNE,55.944067987160665,-3.19058441301531,1337.9888645404758,1300.4888645404758
55.944067987160665,-3.19058441301531,NNE,55.94434515102042,-3.1904696079856003,1337.9888645404758,1299.2388645404758
55.94434515102042,-3.1904696079856003,NNW,55.94462231488018,-3.19058441301531,1337.9888645404758,1297.9888645404758
55.94462231488018,-3.19058441301531,W,55.94462231488018,-3.19088441301531,1337.9888645404758,1296.7388645404758
55.94462231488018,-3.19088441301531,WSW,55.94450750985047,-3.1911615768750634,1337.9888645404758,1295.4888645404758
55.94450750985047,-3.1911615768750634,NW,55.944719641884824,-3.191373708909419,1337.9888645404758,1294.2388645404758
55.944719641884824,-3.191373708909419,WSW,55.94460483685511,-3.1916508727691726,1337.9888645404758,1292.9888645404758
55.94460483685511,-3.1916508727691726,NW,55.94481696888947,-3.1918630048035284,1337.9888645404758,1291.7388645404758
55.94481696888947,-3.1918630048035284,ESE,55.94470216385976,-3.191585840943775,1337.9888645404758,1290.4888645404758
55.94470216385976,-3.191585840943775,N,55.94500216385976,-3.191585840943775,1337.9888645404758,1289.2388645404758
55.94500216385976,-3.191585840943775,ENE,55.94511696888947,-3.1913086770840216,1337.9888645404758,1287.9888645404758
55.94511696888947,-3.1913086770840216,ENE,55.94523177391918,-3.191031513224268,1337.9888645404758,1286.7388645404758
55.94523177391918,-3.191031513224268,N,55.945531773919186,-3.191031513224268,1337.9888645404758,1285.4888645404758
55.945531773919186,-3.191031513224268,NE,55.94574390595354,-3.1908193811899124,1337.9888645404758,1284.2388645404758
55.94574390595354,-3.1908193811899124,WNW,55.94585871098325,-3.191096545049666,1337.9888645404758,1282.9888645404758
55.94585871098325,-3.191096545049666,ENE,55.94597351601296,-3.1908193811899124,1337.9888645404758,1281.7388645404758
55.94597351601296,-3.1908193811899124,NW,55.94618564804732,-3.191031513224268,1337.9888645404758,1280.4888645404758
55.94618564804732,-3.191031513224268,S,55.945885648047316,-3.191031513224268,1337.9888645404758,1279.2388645404758
55.945885648047316,-3.191031513224268,NW,55.94609778008167,-3.191243645258624,1337.9888645404758,1277.9888645404758
55.94609778008167,-3.191243645258624,ENE,55.94621258511138,-3.1909664813988705,1337.9888645404758,1276.7388645404758
55.94621258511138,-3.1909664813988705,E,55.94621258511138,-3.1906664813988703,1337.9888645404758,1275.4888645404758
