55.944425,-3.188396,SE,55.944212867965646,-3.1881838679656442,102.80047177808827,351.55047177808825
55.944212867965646,-3.1881838679656442,SE,55.94400073593129,-3.1879717359312885,102.80047177808827,350.30047177808825
55.94400073593129,-3.1879717359312885,ESE,55.94388593090158,-3.187694572071535,102.80047177808827,349.05047177808825
55.94388593090158,-3.187694572071535,SE,55.94367379886722,-3.1874824400371793,144.32141380666457,389.32141380666457
55.94367379886722,-3.1874824400371793,SW,55.94346166683287,-3.187694572071535,144.32141380666457,388.07141380666457
55.94346166683287,-3.187694572071535,SSW,55.94318450297311,-3.1878093771012446,226.92523596510213,469.42523596510216
55.94318450297311,-3.1878093771012446,W,55.94318450297311,-3.1881093771012448,226.92523596510213,468.17523596510216
55.94318450297311,-3.1881093771012448,W,55.94318450297311,-3.188409377101245,305.4816148293464,545.4816148293464
55.94318450297311,-3.188409377101245,SE,55.942972370938755,-3.188197245066889,305.4816148293464,544.2316148293464
55.942972370938755,-3.188197245066889,N,55.94327237093876,-3.188197245066889,305.4816148293464,542.9816148293464
55.94327237093876,-3.188197245066889,NNW,55.943549534798514,-3.1883120500965987,305.4816148293464,541.7316148293464
55.943549534798514,-3.1883120500965987,NE,55.94376166683287,-3.188099918062243,305.4816148293464,540.4816148293464
55.94376166683287,-3.188099918062243,SW,55.943549534798514,-3.1883120500965987,305.4816148293464,539.2316148293464
55.943549534798514,-3.1883120500965987,SE,55.94333740276416,-3.188099918062243,305.4816148293464,537.9816148293464
55.94333740276416,-3.188099918062243,ENE,55.94345220779387,-3.1878227542024895,305.4816148293464,536.7316148293464
55.94345220779387,-3.1878227542024895,SSW,55.94317504393411,-3.187937559232199,305.4816148293464,535.4816148293464
55.94317504393411,-3.187937559232199,SSW,55.942897880074355,-3.1880523642619085,305.4816148293464,534.2316148293464
55.942897880074355,-3.1880523642619085,ESE,55.942783075044645,-3.187775200402155,305.4816148293464,532.9816148293464
55.942783075044645,-3.187775200402155,WSW,55.942668270014934,-3.1880523642619085,305.4816148293464,531.7316148293464
55.942668270014934,-3.1880523642619085,W,55.942668270014934,-3.1883523642619087,305.4816148293464,530.4816148293464
55.942668270014934,-3.1883523642619087,W,55.942668270014934,-3.188652364261909,305.4816148293464,529.2316148293464
55.942668270014934,-3.188652364261909,NW,55.94288040204929,-3.1888644962962647,317.4642308052846,539.9642308052846
55.94288040204929,-3.1888644962962647,SW,55.942668270014934,-3.1890766283306204,317.4642308052846,538.7142308052846
55.942668270014934,-3.1890766283306204,WNW,55.942783075044645,-3.189353792190374,410.2885746066572,630.2885746066572
55.942783075044645,-3.189353792190374,NW,55.942995207079,-3.1895659242247296,498.4993745499907,717.2493745499906
55.942995207079,-3.1895659242247296,NNE,55.94327237093876,-3.18945111919502,549.4228470661616,766.9228470661615
55.94327237093876,-3.18945111919502,SSE,55.942995207079,-3.1893363141653106,549.4228470661616,765.6728470661615
55.942995207079,-3.1893363141653106,W,55.942995207079,-3.189636314165311,549.4228470661616,764.4228470661615
55.942995207079,-3.189636314165311,E,55.942995207079,-3.1893363141653106,549.4228470661616,763.1728470661615
55.942995207079,-3.1893363141653106,SE,55.942783075044645,-3.189124182130955,549.4228470661616,761.9228470661615
55.942783075044645,-3.189124182130955,ESE,55.942668270014934,-3.1888470182712014,549.4228470661616,760.6728470661615
55.942668270014934,-3.1888470182712014,NE,55.94288040204929,-3.1886348862368457,549.4228470661616,759.4228470661615
55.94288040204929,-3.1886348862368457,SW,55.942668270014934,-3.1888470182712014,549.4228470661616,758.1728470661615
55.942668270014934,-3.1888470182712014,W,55.942668270014934,-3.1891470182712016,549.4228470661616,756.9228470661615
55.942668270014934,-3.1891470182712016,N,55.94296827001494,-3.1891470182712016,549.4228470661616,755.6728470661615
55.94296827001494,-3.1891470182712016,E,55.94296827001494,-3.1888470182712014,549.4228470661616,754.4228470661615
55.94296827001494,-3.1888470182712014,SSE,55.94269110615518,-3.188732213241492,549.4228470661616,753.1728470661615
55.94269110615518,-3.188732213241492,W,55.94269110615518,-3.189032213241492,549.4228470661616,751.9228470661615
55.94269110615518,-3.189032213241492,WNW,55.94280591118489,-3.1893093771012455,549.4228470661616,750.6728470661615
55.94280591118489,-3.1893093771012455,ESE,55.94269110615518,-3.189032213241492,549.4228470661616,749.4228470661615
55.94269110615518,-3.189032213241492,WNW,55.94280591118489,-3.1893093771012455,549.4228470661616,748.1728470661615
55.94280591118489,-3.1893093771012455,NE,55.94301804321925,-3.1890972450668897,549.4228470661616,746.9228470661615
55.94301804321925,-3.1890972450668897,W,55.94301804321925,-3.18939724506689,549.4228470661616,745.6728470661615
55.94301804321925,-3.18939724506689,SSW,55.94274087935949,-3.1895120500965994,549.4228470661616,744.4228470661615
55.94274087935949,-3.1895120500965994,NE,55.94295301139385,-3.1892999180622437,549.4228470661616,743.1728470661615
55.94295301139385,-3.1892999180622437,ENE,55.94306781642356,-3.1890227542024903,549.4228470661616,741.9228470661615
55.94306781642356,-3.1890227542024903,S,55.942767816423554,-3.1890227542024903,549.4228470661616,740.6728470661615
55.942767816423554,-3.1890227542024903,NNW,55.94304498028331,-3.1891375592321998,549.4228470661616,739.4228470661615
55.94304498028331,-3.1891375592321998,SE,55.942832848248955,-3.188925427197844,549.4228470661616,738.1728470661615
55.942832848248955,-3.188925427197844,N,55.94313284824896,-3.188925427197844,549.4228470661616,736.9228470661615
55.94313284824896,-3.188925427197844,S,55.942832848248955,-3.188925427197844,549.4228470661616,735.6728470661615
55.942832848248955,-3.188925427197844,WNW,55.942947653278665,-3.1892025910575974,549.4228470661616,734.4228470661615
55.942947653278665,-3.1892025910575974,W,55.942947653278665,-3.1895025910575976,549.4228470661616,733.1728470661615
55.942947653278665,-3.1895025910575976,SW,55.94273552124431,-3.1897147230919534,549.4228470661616,731.9228470661615
55.94273552124431,-3.1897147230919534,ENE,55.94285032627402,-3.1894375592322,549.4228470661616,730.6728470661615
55.94285032627402,-3.1894375592322,NW,55.943062458308376,-3.1896496912665557,549.4228470661616,729.4228470661615
55.943062458308376,-3.1896496912665557,E,55.943062458308376,-3.1893496912665555,549.4228470661616,728.1728470661615
55.943062458308376,-3.1893496912665555,ENE,55.943177263338086,-3.189072527406802,549.4228470661616,726.9228470661615
55.943177263338086,-3.189072527406802,E,55.943177263338086,-3.188772527406802,549.4228470661616,725.6728470661615
55.943177263338086,-3.188772527406802,SE,55.94296513130373,-3.188560395372446,549.4228470661616,724.4228470661615
55.94296513130373,-3.188560395372446,SE,55.94275299926937,-3.1883482633380904,549.4228470661616,723.1728470661615
55.94275299926937,-3.1883482633380904,NNE,55.94303016312913,-3.188233458308381,549.4228470661616,721.9228470661615
55.94303016312913,-3.188233458308381,S,55.94273016312913,-3.188233458308381,549.4228470661616,720.6728470661615
55.94273016312913,-3.188233458308381,NE,55.94294229516348,-3.188021326274025,549.4228470661616,719.4228470661615
55.94294229516348,-3.188021326274025,E,55.94294229516348,-3.187721326274025,549.4228470661616,718.1728470661615
55.94294229516348,-3.187721326274025,W,55.94294229516348,-3.188021326274025,549.4228470661616,716.9228470661615
55.94294229516348,-3.188021326274025,E,55.94294229516348,-3.187721326274025,549.4228470661616,715.6728470661615
55.94294229516348,-3.187721326274025,ESE,55.94282749013377,-3.1874441624142715,549.4228470661616,714.4228470661615
55.94282749013377,-3.1874441624142715,WNW,55.94294229516348,-3.187721326274025,549.4228470661616,713.1728470661615
55.94294229516348,-3.187721326274025,E,55.94294229516348,-3.1874213262740247,549.4228470661616,711.9228470661615
55.94294229516348,-3.1874213262740247,SSW,55.94266513130373,-3.1875361313037343,549.4228470661616,710.6728470661615
55.94266513130373,-3.1875361313037343,NNE,55.94294229516348,-3.1874213262740247,549.4228470661616,709.4228470661615
55.94294229516348,-3.1874213262740247,NNW,55.94321945902324,-3.1875361313037343,549.4228470661616,708.1728470661615
55.94321945902324,-3.1875361313037343,NNW,55.943496622882996,-3.1876509363334438,549.4228470661616,706.9228470661615
55.943496622882996,-3.1876509363334438,SW,55.94328449084864,-3.1878630683677995,549.4228470661616,705.6728470661615
55.94328449084864,-3.1878630683677995,NNW,55.9435616547084,-3.187977873397509,549.4228470661616,704.4228470661615
55.9435616547084,-3.187977873397509,NNW,55.94383881856815,-3.1880926784272186,549.4228470661616,703.1728470661615
55.94383881856815,-3.1880926784272186,E,55.94383881856815,-3.1877926784272184,549.4228470661616,701.9228470661615
55.94383881856815,-3.1877926784272184,W,55.94383881856815,-3.1880926784272186,549.4228470661616,700.6728470661615
55.94383881856815,-3.1880926784272186,NNW,55.94411598242791,-3.188207483456928,549.4228470661616,699.4228470661615
55.94411598242791,-3.188207483456928,S,55.94381598242791,-3.188207483456928,549.4228470661616,698.1728470661615
55.94381598242791,-3.188207483456928,SSW,55.94353881856815,-3.1883222884866376,549.4228470661616,696.9228470661615
55.94353881856815,-3.1883222884866376,WSW,55.94342401353844,-3.188599452346391,549.4228470661616,695.6728470661615
55.94342401353844,-3.188599452346391,SE,55.943211881504084,-3.188387320312035,549.4228470661616,694.4228470661615
55.943211881504084,-3.188387320312035,E,55.943211881504084,-3.188087320312035,549.4228470661616,693.1728470661615
55.943211881504084,-3.188087320312035,NNE,55.94348904536384,-3.1879725152823255,549.4228470661616,691.9228470661615
55.94348904536384,-3.1879725152823255,ESE,55.94337424033413,-3.187695351422572,549.4228470661616,690.6728470661615
55.94337424033413,-3.187695351422572,ENE,55.94348904536384,-3.1874181875628187,549.4228470661616,689.4228470661615
55.94348904536384,-3.1874181875628187,SSE,55.943211881504084,-3.187303382533109,549.4228470661616,688.1728470661615
55.943211881504084,-3.187303382533109,E,55.943211881504084,-3.187003382533109,549.4228470661616,686.9228470661615
55.943211881504084,-3.187003382533109,WSW,55.94309707647437,-3.1872805463928624,549.4228470661616,685.6728470661615
55.94309707647437,-3.1872805463928624,SE,55.94288494444002,-3.1870684143585066,549.4228470661616,684.4228470661615
55.94288494444002,-3.1870684143585066,SW,55.94267281240566,-3.1872805463928624,549.4228470661616,683.1728470661615
55.94267281240566,-3.1872805463928624,E,55.94267281240566,-3.186980546392862,549.4228470661616,681.9228470661615
55.94267281240566,-3.186980546392862,NNW,55.94294997626542,-3.1870953514225717,549.4228470661616,680.6728470661615
55.94294997626542,-3.1870953514225717,NNW,55.943227140125174,-3.1872101564522812,549.4228470661616,679.4228470661615
55.943227140125174,-3.1872101564522812,SE,55.94301500809082,-3.1869980244179255,549.4228470661616,678.1728470661615
55.94301500809082,-3.1869980244179255,SSW,55.94273784423106,-3.187112829447635,549.4228470661616,676.9228470661615
55.94273784423106,-3.187112829447635,WSW,55.94262303920135,-3.1873899933073884,549.4228470661616,675.6728470661615
55.94262303920135,-3.1873899933073884,E,55.94262303920135,-3.187089993307388,549.4228470661616,674.4228470661615
55.94262303920135,-3.187089993307388,W,55.94262303920135,-3.1873899933073884,549.4228470661616,673.1728470661615
55.94262303920135,-3.1873899933073884,W,55.94262303920135,-3.1876899933073886,549.4228470661616,671.9228470661615
55.94262303920135,-3.1876899933073886,NW,55.94283517123571,-3.1879021253417443,549.4228470661616,670.6728470661615
55.94283517123571,-3.1879021253417443,SW,55.94262303920135,-3.1881142573761,549.4228470661616,669.4228470661615
55.94262303920135,-3.1881142573761,E,55.94262303920135,-3.1878142573761,549.4228470661616,668.1728470661615
55.94262303920135,-3.1878142573761,W,55.94262303920135,-3.1881142573761,549.4228470661616,666.9228470661615
55.94262303920135,-3.1881142573761,WNW,55.94273784423106,-3.1883914212358535,549.4228470661616,665.6728470661615
55.94273784423106,-3.1883914212358535,WSW,55.94262303920135,-3.188668585095607,549.4228470661616,664.4228470661615
55.94262303920135,-3.188668585095607,W,55.94262303920135,-3.188968585095607,549.4228470661616,663.1728470661615
55.94262303920135,-3.188968585095607,WNW,55.94273784423106,-3.1892457489553605,549.4228470661616,661.9228470661615
55.94273784423106,-3.1892457489553605,E,55.94273784423106,-3.1889457489553603,549.4228470661616,660.6728470661615
55.94273784423106,-3.1889457489553603,ESE,55.94262303920135,-3.188668585095607,549.4228470661616,659.4228470661615
55.94262303920135,-3.188668585095607,W,55.94262303920135,-3.188968585095607,549.4228470661616,658.1728470661615
55.94262303920135,-3.188968585095607,WNW,55.94273784423106,-3.1892457489553605,549.4228470661616,656.9228470661615
55.94273784423106,-3.1892457489553605,ENE,55.94285264926077,-3.188968585095607,549.4228470661616,655.6728470661615
55.94285264926077,-3.188968585095607,ESE,55.94273784423106,-3.1886914212358537,549.4228470661616,654.4228470661615
55.94273784423106,-3.1886914212358537,E,55.94273784423106,-3.1883914212358535,549.4228470661616,653.1728470661615
55.94273784423106,-3.1883914212358535,WNW,55.94285264926077,-3.188668585095607,549.4228470661616,651.9228470661615
55.94285264926077,-3.188668585095607,SW,55.942640517226415,-3.1888807171299627,549.4228470661616,650.6728470661615
55.942640517226415,-3.1888807171299627,W,55.942640517226415,-3.189180717129963,549.4228470661616,649.4228470661615
55.942640517226415,-3.189180717129963,WNW,55.942755322256126,-3.1894578809897163,549.4228470661616,648.1728470661615
55.942755322256126,-3.1894578809897163,W,55.942755322256126,-3.1897578809897165,549.4228470661616,646.9228470661615
55.942755322256126,-3.1897578809897165,WSW,55.942640517226415,-3.19003504484947,549.4228470661616,645.6728470661615
55.942640517226415,-3.19003504484947,NW,55.94285264926077,-3.1902471768838256,549.4228470661616,644.4228470661615
55.94285264926077,-3.1902471768838256,NW,55.94306478129513,-3.1904593089181814,651.0687046543272,744.8187046543271
55.94306478129513,-3.1904593089181814,NNE,55.943341945154884,-3.190344503888472,692.483522566023,784.9835225660229
55.943341945154884,-3.190344503888472,NW,55.94355407718924,-3.1905566359228277,692.483522566023,783.7335225660229
55.94355407718924,-3.1905566359228277,SSW,55.943276913329484,-3.190671440952537,692.483522566023,782.4835225660229
55.943276913329484,-3.190671440952537,W,55.943276913329484,-3.1909714409525374,735.4314597908577,824.1814597908576
55.943276913329484,-3.1909714409525374,S,55.94297691332948,-3.1909714409525374,735.4314597908577,822.9314597908576
55.94297691332948,-3.1909714409525374,E,55.94297691332948,-3.190671440952537,735.4314597908577,821.6814597908576
55.94297691332948,-3.190671440952537,SSW,55.942699749469725,-3.1907862459822467,735.4314597908577,820.4314597908576
55.942699749469725,-3.1907862459822467,N,55.94299974946973,-3.1907862459822467,735.4314597908577,819.1814597908576
55.94299974946973,-3.1907862459822467,ESE,55.94288494444002,-3.1905090821224933,735.4314597908577,817.9314597908576
55.94288494444002,-3.1905090821224933,SW,55.94267281240566,-3.190721214156849,735.4314597908577,816.6814597908576
55.94267281240566,-3.190721214156849,E,55.94267281240566,-3.190421214156849,735.4314597908577,815.4314597908576
55.94267281240566,-3.190421214156849,W,55.94267281240566,-3.190721214156849,735.4314597908577,814.1814597908576
55.94267281240566,-3.190721214156849,W,55.94267281240566,-3.1910212141568493,735.4314597908577,812.9314597908576
55.94267281240566,-3.1910212141568493,W,55.94267281240566,-3.1913212141568494,735.4314597908577,811.6814597908576
55.94267281240566,-3.1913212141568494,NE,55.94288494444002,-3.1911090821224937,735.4314597908577,810.4314597908576
55.94288494444002,-3.1911090821224937,SE,55.94267281240566,-3.190896950088138,735.4314597908577,809.1814597908576
55.94267281240566,-3.190896950088138,NNE,55.94294997626542,-3.1907821450584284,735.4314597908577,807.9314597908576
55.94294997626542,-3.1907821450584284,W,55.94294997626542,-3.1910821450584286,735.4314597908577,806.6814597908576
55.94294997626542,-3.1910821450584286,NNW,55.943227140125174,-3.191196950088138,735.4314597908577,805.4314597908576
55.943227140125174,-3.191196950088138,S,55.94292714012517,-3.191196950088138,735.4314597908577,804.1814597908576
55.94292714012517,-3.191196950088138,ESE,55.94281233509546,-3.1909197862283847,735.4314597908577,802.9314597908576
55.94281233509546,-3.1909197862283847,WSW,55.94269753006575,-3.191196950088138,735.4314597908577,801.6814597908576
55.94269753006575,-3.191196950088138,W,55.94269753006575,-3.1914969500881383,735.4314597908577,800.4314597908576
55.94269753006575,-3.1914969500881383,W,55.94269753006575,-3.1917969500881385,810.3835320635749,874.1335320635748
55.94269753006575,-3.1917969500881385,NE,55.94290966210011,-3.1915848180537827,810.3835320635749,872.8835320635748
55.94290966210011,-3.1915848180537827,NW,55.94312179413446,-3.1917969500881385,810.3835320635749,871.6335320635748
55.94312179413446,-3.1917969500881385,SW,55.94290966210011,-3.1920090821224942,810.3835320635749,870.3835320635748
55.94290966210011,-3.1920090821224942,NNE,55.94318682595986,-3.1918942770927847,810.3835320635749,869.1335320635748
55.94318682595986,-3.1918942770927847,N,55.943486825959866,-3.1918942770927847,891.8346523463232,949.3346523463231
55.943486825959866,-3.1918942770927847,N,55.94378682595987,-3.1918942770927847,962.9029015582355,1019.1529015582354
55.94378682595987,-3.1918942770927847,S,55.943486825959866,-3.1918942770927847,962.9029015582355,1017.9029015582354
55.943486825959866,-3.1918942770927847,ESE,55.943372020930155,-3.1916171132330313,962.9029015582355,1016.6529015582354
55.943372020930155,-3.1916171132330313,E,55.943372020930155,-3.191317113233031,962.9029015582355,1015.4029015582354
55.943372020930155,-3.191317113233031,SSE,55.9430948570704,-3.1912023082033216,962.9029015582355,1014.1529015582354
55.9430948570704,-3.1912023082033216,SSE,55.94281769321064,-3.191087503173612,962.9029015582355,1012.9029015582354
55.94281769321064,-3.191087503173612,WSW,55.94270288818093,-3.1913646670333655,962.9029015582355,1011.6529015582354
55.94270288818093,-3.1913646670333655,W,55.94270288818093,-3.1916646670333657,962.9029015582355,1010.4029015582354
55.94270288818093,-3.1916646670333657,W,55.94270288818093,-3.191964667033366,962.9029015582355,1009.1529015582354
55.94270288818093,-3.191964667033366,W,55.94270288818093,-3.192264667033366,962.9029015582355,1007.9029015582354
55.94270288818093,-3.192264667033366,NNW,55.94298005204069,-3.1923794720630756,962.9029015582355,1006.6529015582354
55.94298005204069,-3.1923794720630756,N,55.94328005204069,-3.1923794720630756,962.9029015582355,1005.4029015582354
55.94328005204069,-3.1923794720630756,N,55.943580052040694,-3.1923794720630756,962.9029015582355,1004.1529015582354
55.943580052040694,-3.1923794720630756,NE,55.94379218407505,-3.19216734002872,962.9029015582355,1002.9029015582354
55.94379218407505,-3.19216734002872,N,55.94409218407505,-3.19216734002872,962.9029015582355,1001.6529015582354
55.94409218407505,-3.19216734002872,WNW,55.944206989104764,-3.1924445038884732,1056.0118576843292,1093.5118576843292
55.944206989104764,-3.1924445038884732,N,55.94450698910477,-3.1924445038884732,1056.0118576843292,1092.2618576843292
55.94450698910477,-3.1924445038884732,SSE,55.94422982524501,-3.1923296988587637,1056.0118576843292,1091.0118576843292
55.94422982524501,-3.1923296988587637,N,55.94452982524501,-3.1923296988587637,1056.0118576843292,1089.7618576843292
55.94452982524501,-3.1923296988587637,NNW,55.94480698910477,-3.1924445038884732,1056.0118576843292,1088.5118576843292
55.94480698910477,-3.1924445038884732,N,55.94510698910477,-3.1924445038884732,1056.0118576843292,1087.2618576843292
55.94510698910477,-3.1924445038884732,N,55.945406989104775,-3.1924445038884732,1056.0118576843292,1086.0118576843292
55.945406989104775,-3.1924445038884732,ENE,55.945521794134486,-3.19216734002872,1096.862686322488,1125.612686322488
55.945521794134486,-3.19216734002872,SW,55.94530966210013,-3.1923794720630756,1096.862686322488,1124.362686322488
55.94530966210013,-3.1923794720630756,N,55.94560966210013,-3.1923794720630756,1096.862686322488,1123.112686322488
55.94560966210013,-3.1923794720630756,N,55.945909662100135,-3.1923794720630756,1096.862686322488,1121.862686322488
55.945909662100135,-3.1923794720630756,N,55.94620966210014,-3.1923794720630756,1210.1611206807725,1233.9111206807725
55.94620966210014,-3.1923794720630756,SSE,55.94593249824038,-3.192264667033366,1210.1611206807725,1232.6611206807725
55.94593249824038,-3.192264667033366,NNW,55.94620966210014,-3.1923794720630756,1210.1611206807725,1231.4111206807725
55.94620966210014,-3.1923794720630756,SSE,55.94593249824038,-3.192264667033366,1210.1611206807725,1230.1611206807725
55.94593249824038,-3.192264667033366,NNW,55.94620966210014,-3.1923794720630756,1210.1611206807725,1228.9111206807725
55.94620966210014,-3.1923794720630756,SSE,55.94593249824038,-3.192264667033366,1210.1611206807725,1227.6611206807725
55.94593249824038,-3.192264667033366,NNW,55.94620966210014,-3.1923794720630756,1210.1611206807725,1226.4111206807725
55.94620966210014,-3.1923794720630756,SSE,55.94593249824038,-3.192264667033366,1210.1611206807725,1225.1611206807725
55.94593249824038,-3.192264667033366,NNW,55.94620966210014,-3.1923794720630756,1210.1611206807725,1223.9111206807725
55.94620966210014,-3.1923794720630756,SSE,55.94593249824038,-3.192264667033366,1210.1611206807725,1222.6611206807725
55.94593249824038,-3.192264667033366,ENE,55.94604730327009,-3.1919875031736127,1210.1611206807725,1221.4111206807725
55.94604730327009,-3.1919875031736127,ENE,55.9461621082998,-3.1917103393138593,1210.1611206807725,1220.1611206807725
55.9461621082998,-3.1917103393138593,E,55.9461621082998,-3.191410339313859,1210.1611206807725,1218.9111206807725
55.9461621082998,-3.191410339313859,E,55.9461621082998,-3.191110339313859,1210.1611206807725,1217.6611206807725
55.9461621082998,-3.191110339313859,E,55.9461621082998,-3.1908103393138587,1210.1611206807725,1216.4111206807725
55.9461621082998,-3.1908103393138587,E,55.9461621082998,-3.1905103393138585,1210.1611206807725,1215.1611206807725
55.9461621082998,-3.1905103393138585,S,55.9458621082998,-3.1905103393138585,1210.1611206807725,1213.9111206807725
55.9458621082998,-3.1905103393138585,SW,55.94564997626544,-3.1907224713482143,1210.1611206807725,1212.6611206807725
55.94564997626544,-3.1907224713482143,NE,55.9458621082998,-3.1905103393138585,1210.1611206807725,1211.4111206807725
55.9458621082998,-3.1905103393138585,WNW,55.94597691332951,-3.190787503173612,1210.1611206807725,1210.1611206807725
55.94597691332951,-3.190787503173612,W,55.94597691332951,-3.191087503173612,1210.1611206807725,1208.9111206807725
55.94597691332951,-3.191087503173612,NE,55.946189045363866,-3.1908753711392563,1210.1611206807725,1207.6611206807725
55.946189045363866,-3.1908753711392563,E,55.946189045363866,-3.190575371139256,1210.1611206807725,1206.4111206807725
55.946189045363866,-3.190575371139256,E,55.946189045363866,-3.190275371139256,1210.1611206807725,1205.1611206807725
55.946189045363866,-3.190275371139256,SSE,55.94591188150411,-3.1901605661095465,1210.1611206807725,1203.9111206807725
55.94591188150411,-3.1901605661095465,W,55.94591188150411,-3.1904605661095466,1210.1611206807725,1202.6611206807725
55.94591188150411,-3.1904605661095466,SW,55.94569974946975,-3.1906726981439024,1210.1611206807725,1201.4111206807725
55.94569974946975,-3.1906726981439024,SE,55.9454876174354,-3.1904605661095466,1210.1611206807725,1200.1611206807725
55.9454876174354,-3.1904605661095466,SE,55.94527548540104,-3.190248434075191,1210.1611206807725,1198.9111206807725
55.94527548540104,-3.190248434075191,SSE,55.944998321541284,-3.1901336290454814,1210.1611206807725,1197.6611206807725
55.944998321541284,-3.1901336290454814,S,55.94469832154128,-3.1901336290454814,1210.1611206807725,1196.4111206807725
55.94469832154128,-3.1901336290454814,NNE,55.94497548540104,-3.190018824015772,1210.1611206807725,1195.1611206807725
55.94497548540104,-3.190018824015772,N,55.94527548540104,-3.190018824015772,1210.1611206807725,1193.9111206807725
55.94527548540104,-3.190018824015772,W,55.94527548540104,-3.190318824015772,1210.1611206807725,1192.6611206807725
55.94527548540104,-3.190318824015772,NW,55.9454876174354,-3.190530956050128,1210.1611206807725,1191.4111206807725
55.9454876174354,-3.190530956050128,WNW,55.94560242246511,-3.1908081199098812,1210.1611206807725,1190.1611206807725
55.94560242246511,-3.1908081199098812,NE,55.945814554499464,-3.1905959878755255,1210.1611206807725,1188.9111206807725
55.945814554499464,-3.1905959878755255,SSE,55.94553739063971,-3.190481182845816,1210.1611206807725,1187.6611206807725
55.94553739063971,-3.190481182845816,E,55.94553739063971,-3.1901811828458158,1210.1611206807725,1186.4111206807725
55.94553739063971,-3.1901811828458158,WSW,55.94542258561,-3.190458346705569,1210.1611206807725,1185.1611206807725
55.94542258561,-3.190458346705569,WSW,55.945307780580286,-3.1907355105653226,1210.1611206807725,1183.9111206807725
55.945307780580286,-3.1907355105653226,SE,55.94509564854593,-3.190523378530967,1210.1611206807725,1182.6611206807725
55.94509564854593,-3.190523378530967,S,55.94479564854593,-3.190523378530967,1210.1611206807725,1181.4111206807725
55.94479564854593,-3.190523378530967,SSW,55.94451848468617,-3.1906381835606763,1210.1611206807725,1180.1611206807725
55.94451848468617,-3.1906381835606763,NE,55.94473061672053,-3.1904260515263205,1210.1611206807725,1178.9111206807725
55.94473061672053,-3.1904260515263205,W,55.94473061672053,-3.1907260515263207,1210.1611206807725,1177.6611206807725
55.94473061672053,-3.1907260515263207,SSE,55.94445345286077,-3.190611246496611,1210.1611206807725,1176.4111206807725
55.94445345286077,-3.190611246496611,SE,55.944241320826414,-3.1903991144622554,1210.1611206807725,1175.1611206807725
55.944241320826414,-3.1903991144622554,NNW,55.94451848468617,-3.190513919491965,1210.1611206807725,1173.9111206807725
55.94451848468617,-3.190513919491965,NNE,55.94479564854593,-3.1903991144622554,1210.1611206807725,1172.6611206807725
55.94479564854593,-3.1903991144622554,NNE,55.945072812405684,-3.190284309432546,1210.1611206807725,1171.4111206807725
55.945072812405684,-3.190284309432546,NNW,55.94534997626544,-3.1903991144622554,1210.1611206807725,1170.1611206807725
55.94534997626544,-3.1903991144622554,W,55.94534997626544,-3.1906991144622556,1210.1611206807725,1168.9111206807725
55.94534997626544,-3.1906991144622556,WSW,55.94523517123573,-3.190976278322009,1210.1611206807725,1167.6611206807725
55.94523517123573,-3.190976278322009,NW,55.945447303270086,-3.191188410356365,1210.1611206807725,1166.4111206807725
55.945447303270086,-3.191188410356365,WSW,55.945332498240376,-3.191465574216118,1210.1611206807725,1165.1611206807725
55.945332498240376,-3.191465574216118,SW,55.94512036620602,-3.191677706250474,1210.1611206807725,1163.9111206807725
55.94512036620602,-3.191677706250474,ESE,55.94500556117631,-3.1914005423907206,1210.1611206807725,1162.6611206807725
55.94500556117631,-3.1914005423907206,N,55.94530556117631,-3.1914005423907206,1210.1611206807725,1161.4111206807725
55.94530556117631,-3.1914005423907206,ENE,55.94542036620602,-3.191123378530967,1210.1611206807725,1160.1611206807725
55.94542036620602,-3.191123378530967,ENE,55.94553517123573,-3.1908462146712138,1210.1611206807725,1158.9111206807725
55.94553517123573,-3.1908462146712138,N,55.945835171235736,-3.1908462146712138,1210.1611206807725,1157.6611206807725
55.945835171235736,-3.1908462146712138,NE,55.94604730327009,-3.190634082636858,1210.1611206807725,1156.4111206807725
55.94604730327009,-3.190634082636858,WNW,55.9461621082998,-3.1909112464966114,1210.1611206807725,1155.1611206807725
55.9461621082998,-3.1909112464966114,E,55.9461621082998,-3.190611246496611,1210.1611206807725,1153.9111206807725
55.9461621082998,-3.190611246496611,E,55.9461621082998,-3.190311246496611,1210.1611206807725,1152.6611206807725
55.9461621082998,-3.190311246496611,S,55.9458621082998,-3.190311246496611,1210.1611206807725,1151.4111206807725
55.9458621082998,-3.190311246496611,NW,55.946074240334156,-3.190523378530967,1210.1611206807725,1150.1611206807725
55.946074240334156,-3.190523378530967,ENE,55.946189045363866,-3.1902462146712134,1210.1611206807725,1148.9111206807725
55.946189045363866,-3.1902462146712134,E,55.946189045363866,-3.189946214671213,1210.1611206807725,1147.6611206807725
