55.944425,-3.188396,SE,55.944212867965646,-3.1881838679656442,102.80047177808827,351.55047177808825
55.944212867965646,-3.1881838679656442,WNW,55.94432767299536,-3.1884610318253976,102.80047177808827,350.30047177808825
55.94432767299536,-3.1884610318253976,WNW,55.94444247802507,-3.188738195685151,102.80047177808827,349.05047177808825
55.94444247802507,-3.188738195685151,W,55.94444247802507,-3.1890381956851512,205.10835451473758,450.1083545147376
55.94444247802507,-3.1890381956851512,SSW,55.94416531416531,-3.1891530007148607,205.10835451473758,448.8583545147376
55.94416531416531,-3.1891530007148607,SSW,55.943888150305554,-3.1892678057445702,205.10835451473758,447.6083545147376
55.943888150305554,-3.1892678057445702,SSW,55.9436109864458,-3.1893826107742798,205.10835451473758,446.3583545147376
55.9436109864458,-3.1893826107742798,S,55.943310986445795,-3.1893826107742798,256.03182703090846,496.03182703090846
55.943310986445795,-3.1893826107742798,SSW,55.94303382258604,-3.1894974158039893,344.24262697424194,582.992626974242
55.94303382258604,-3.1894974158039893,SSW,55.94275665872628,-3.1896122208336988,437.06697077561455,674.5669707756145
55.94275665872628,-3.1896122208336988,ENE,55.94287146375599,-3.1893350569739454,437.06697077561455,673.3169707756145
55.94287146375599,-3.1893350569739454,E,55.94287146375599,-3.189035056973945,449.04958675155274,684.0495867515527
55.94287146375599,-3.189035056973945,ENE,55.9429862687857,-3.1887578931141918,449.04958675155274,682.7995867515527
55.9429862687857,-3.1887578931141918,E,55.9429862687857,-3.1884578931141916,527.605965615797,760.105965615797
55.9429862687857,-3.1884578931141916,E,55.9429862687857,-3.1881578931141914,527.605965615797,758.855965615797
55.9429862687857,-3.1881578931141914,ENE,55.94310107381541,-3.187880729254438,610.2097877742345,840.2097877742345
55.94310107381541,-3.187880729254438,NE,55.94331320584977,-3.1876685972200822,610.2097877742345,838.9597877742345
55.94331320584977,-3.1876685972200822,NE,55.943525337884125,-3.1874564651857265,651.7307298028109,879.2307298028109
55.943525337884125,-3.1874564651857265,NE,55.94373746991848,-3.1872443331513707,651.7307298028109,877.9807298028109
55.94373746991848,-3.1872443331513707,NE,55.94394960195284,-3.187032201117015,651.7307298028109,876.7307298028109
55.94394960195284,-3.187032201117015,NE,55.944161733987194,-3.186820069082659,651.7307298028109,875.4807298028109
55.944161733987194,-3.186820069082659,NE,55.94437386602155,-3.1866079370483034,651.7307298028109,874.2307298028109
55.94437386602155,-3.1866079370483034,ENE,55.94448867105126,-3.18633077318855,668.9537852285611,890.2037852285611
55.94448867105126,-3.18633077318855,ESE,55.94437386602155,-3.1860536093287966,668.9537852285611,888.9537852285611
55.94437386602155,-3.1860536093287966,ESE,55.94425906099184,-3.185776445469043,668.9537852285611,887.7037852285611
55.94425906099184,-3.185776445469043,ESE,55.94414425596213,-3.1854992816092897,668.9537852285611,886.4537852285611
55.94414425596213,-3.1854992816092897,ESE,55.94402945093242,-3.1852221177495363,788.7238512885331,1004.9738512885331
55.94402945093242,-3.1852221177495363,ENE,55.94414425596213,-3.184944953889783,820.6804399608183,1035.6804399608181
55.94414425596213,-3.184944953889783,WSW,55.94402945093242,-3.1852221177495363,820.6804399608183,1034.4304399608181
55.94402945093242,-3.1852221177495363,ENE,55.94414425596213,-3.184944953889783,820.6804399608183,1033.1804399608181
55.94414425596213,-3.184944953889783,W,55.94414425596213,-3.185244953889783,829.5794374955899,1040.8294374955897
55.94414425596213,-3.185244953889783,ESE,55.94402945093242,-3.1849677900300297,829.5794374955899,1039.5794374955897
55.94402945093242,-3.1849677900300297,NNW,55.944306614792175,-3.1850825950597392,829.5794374955899,1038.3294374955897
55.944306614792175,-3.1850825950597392,S,55.94400661479217,-3.1850825950597392,829.5794374955899,1037.0794374955897
55.94400661479217,-3.1850825950597392,SE,55.943794482757816,-3.1848704630253835,869.3045811537512,1075.5545811537509
55.943794482757816,-3.1848704630253835,NNE,55.94407164661757,-3.184755657995674,869.3045811537512,1074.3045811537509
55.94407164661757,-3.184755657995674,NNE,55.94434881047733,-3.1846408529659644,935.7247459892745,1139.4747459892742
55.94434881047733,-3.1846408529659644,NNE,55.944625974337086,-3.184526047936255,986.1853144567797,1188.6853144567795
55.944625974337086,-3.184526047936255,NW,55.94483810637144,-3.1847381799706107,992.5782549612458,1193.8282549612454
55.94483810637144,-3.1847381799706107,N,55.945138106371445,-3.1847381799706107,992.5782549612458,1192.5782549612454
55.945138106371445,-3.1847381799706107,N,55.94543810637145,-3.1847381799706107,992.5782549612458,1191.3282549612454
55.94543810637145,-3.1847381799706107,N,55.94573810637145,-3.1847381799706107,992.5782549612458,1190.0782549612454
55.94573810637145,-3.1847381799706107,N,55.946038106371454,-3.1847381799706107,1089.093679278551,1285.3436792785508
55.946038106371454,-3.1847381799706107,WNW,55.946152911401164,-3.185015343830364,1089.093679278551,1284.0936792785508
55.946152911401164,-3.185015343830364,W,55.946152911401164,-3.1853153438303643,1151.1797937968133,1344.929793796813
55.946152911401164,-3.1853153438303643,W,55.946152911401164,-3.1856153438303645,1151.1797937968133,1343.679793796813
55.946152911401164,-3.1856153438303645,W,55.946152911401164,-3.1859153438303647,1151.1797937968133,1342.429793796813
55.946152911401164,-3.1859153438303647,W,55.946152911401164,-3.186215343830365,1238.3341029015767,1428.3341029015764
55.946152911401164,-3.186215343830365,W,55.946152911401164,-3.186515343830365,1252.2484974694237,1440.9984974694235
55.946152911401164,-3.186515343830365,WSW,55.946038106371454,-3.1867925076901185,1252.2484974694237,1439.7484974694235
55.946038106371454,-3.1867925076901185,SW,55.9458259743371,-3.1870046397244742,1252.2484974694237,1438.4984974694235
55.9458259743371,-3.1870046397244742,WSW,55.94571116930739,-3.1872818035842276,1294.4681751603723,1479.468175160372
55.94571116930739,-3.1872818035842276,WNW,55.9458259743371,-3.187558967443981,1294.4681751603723,1478.218175160372
55.9458259743371,-3.187558967443981,NW,55.946038106371454,-3.187771099478337,1294.4681751603723,1476.968175160372
55.946038106371454,-3.187771099478337,WNW,55.946152911401164,-3.18804826333809,1294.4681751603723,1475.718175160372
55.946152911401164,-3.18804826333809,W,55.946152911401164,-3.1883482633380904,1379.3132637045521,1559.313263704552
55.946152911401164,-3.1883482633380904,S,55.94585291140116,-3.1883482633380904,1379.3132637045521,1558.063263704552
55.94585291140116,-3.1883482633380904,SW,55.945640779366805,-3.188560395372446,1379.3132637045521,1556.813263704552
55.945640779366805,-3.188560395372446,SW,55.94542864733245,-3.188772527406802,1379.3132637045521,1555.563263704552
55.94542864733245,-3.188772527406802,SSE,55.94515148347269,-3.1886577223770924,1379.3132637045521,1554.313263704552
55.94515148347269,-3.1886577223770924,SW,55.944939351438336,-3.188869854411448,1379.3132637045521,1553.063263704552
55.944939351438336,-3.188869854411448,SW,55.94472721940398,-3.189081986445804,1379.3132637045521,1551.813263704552
55.94472721940398,-3.189081986445804,SW,55.94451508736962,-3.1892941184801598,1379.3132637045521,1550.563263704552
55.94451508736962,-3.1892941184801598,SW,55.94430295533527,-3.1895062505145155,1379.3132637045521,1549.313263704552
55.94430295533527,-3.1895062505145155,SW,55.94409082330091,-3.1897183825488713,1379.3132637045521,1548.063263704552
55.94409082330091,-3.1897183825488713,SW,55.943878691266555,-3.189930514583227,1379.3132637045521,1546.813263704552
55.943878691266555,-3.189930514583227,SW,55.9436665592322,-3.190142646617583,1379.3132637045521,1545.563263704552
55.9436665592322,-3.190142646617583,WSW,55.94355175420249,-3.1904198104773362,1420.728081616248,1585.7280816162477
55.94355175420249,-3.1904198104773362,SSW,55.94327459034273,-3.1905346155070458,1522.3739392044135,1686.1239392044133
55.94327459034273,-3.1905346155070458,W,55.94327459034273,-3.190834615507046,1522.3739392044135,1684.8739392044133
55.94327459034273,-3.190834615507046,W,55.94327459034273,-3.191134615507046,1565.3218764292483,1726.571876429248
55.94327459034273,-3.191134615507046,WNW,55.94338939537244,-3.1914117793667995,1565.3218764292483,1725.321876429248
55.94338939537244,-3.1914117793667995,WNW,55.94350420040215,-3.191688943226553,1565.3218764292483,1724.071876429248
55.94350420040215,-3.191688943226553,WNW,55.94361900543186,-3.1919661070863063,1646.7729967119967,1804.2729967119963
55.94361900543186,-3.1919661070863063,NNW,55.94389616929162,-3.192080912116016,1717.8412459239091,1874.0912459239087
55.94389616929162,-3.192080912116016,NNW,55.944173333151376,-3.1921957171457254,1717.8412459239091,1872.8412459239087
55.944173333151376,-3.1921957171457254,NW,55.94438546518573,-3.192407849180081,1810.9502020500029,1964.7002020500024
55.94438546518573,-3.192407849180081,N,55.944685465185735,-3.192407849180081,1810.9502020500029,1963.4502020500024
55.944685465185735,-3.192407849180081,NNE,55.94496262904549,-3.1922930441503716,1810.9502020500029,1962.2002020500024
55.94496262904549,-3.1922930441503716,NNE,55.94523979290525,-3.192178239120662,1810.9502020500029,1960.9502020500024
55.94523979290525,-3.192178239120662,NNE,55.945516956765005,-3.1920634340909526,1851.8010306881615,2000.551030688161
55.945516956765005,-3.1920634340909526,NNW,55.94579412062476,-3.192178239120662,1851.8010306881615,1999.301030688161
55.94579412062476,-3.192178239120662,NW,55.94600625265912,-3.192390371155018,1965.099465046446,2111.3494650464454
55.94600625265912,-3.192390371155018,S,55.945706252659114,-3.192390371155018,1965.099465046446,2110.0994650464454
55.945706252659114,-3.192390371155018,S,55.94540625265911,-3.192390371155018,1965.099465046446,2108.8494650464454
55.94540625265911,-3.192390371155018,S,55.94510625265911,-3.192390371155018,1965.099465046446,2107.5994650464454
55.94510625265911,-3.192390371155018,S,55.944806252659106,-3.192390371155018,1965.099465046446,2106.3494650464454
55.944806252659106,-3.192390371155018,S,55.9445062526591,-3.192390371155018,1965.099465046446,2105.0994650464454
55.9445062526591,-3.192390371155018,SSE,55.94422908879935,-3.1922755661253084,1965.099465046446,2103.8494650464454
55.94422908879935,-3.1922755661253084,SSE,55.94395192493959,-3.192160761095599,1965.099465046446,2102.5994650464454
55.94395192493959,-3.192160761095599,S,55.94365192493959,-3.192160761095599,1965.099465046446,2101.3494650464454
55.94365192493959,-3.192160761095599,SSE,55.94337476107983,-3.1920459560658894,1965.099465046446,2100.0994650464454
55.94337476107983,-3.1920459560658894,S,55.94307476107983,-3.1920459560658894,1965.099465046446,2098.8494650464454
55.94307476107983,-3.1920459560658894,SSE,55.94279759722007,-3.19193115103618,2040.0515373191633,2172.5515373191624
55.94279759722007,-3.19193115103618,E,55.94279759722007,-3.1916311510361797,2040.0515373191633,2171.3015373191624
55.94279759722007,-3.1916311510361797,E,55.94279759722007,-3.1913311510361795,2040.0515373191633,2170.0515373191624
55.94279759722007,-3.1913311510361795,E,55.94279759722007,-3.1910311510361793,2040.0515373191633,2168.8015373191624
55.94279759722007,-3.1910311510361793,E,55.94279759722007,-3.190731151036179,2040.0515373191633,2167.5515373191624
55.94279759722007,-3.190731151036179,E,55.94279759722007,-3.190431151036179,2040.0515373191633,2166.3015373191624
55.94279759722007,-3.190431151036179,E,55.94279759722007,-3.1901311510361787,2040.0515373191633,2165.0515373191624
55.94279759722007,-3.1901311510361787,E,55.94279759722007,-3.1898311510361785,2040.0515373191633,2163.8015373191624
55.94279759722007,-3.1898311510361785,E,55.94279759722007,-3.1895311510361783,2040.0515373191633,2162.5515373191624
55.94279759722007,-3.1895311510361783,E,55.94279759722007,-3.189231151036178,2040.0515373191633,2161.3015373191624
55.94279759722007,-3.189231151036178,E,55.94279759722007,-3.188931151036178,2040.0515373191633,2160.0515373191624
55.94279759722007,-3.188931151036178,E,55.94279759722007,-3.188631151036178,2040.0515373191633,2158.8015373191624
55.94279759722007,-3.188631151036178,E,55.94279759722007,-3.1883311510361776,2040.0515373191633,2157.5515373191624
55.94279759722007,-3.1883311510361776,E,55.94279759722007,-3.1880311510361774,2040.0515373191633,2156.3015373191624
55.94279759722007,-3.1880311510361774,E,55.94279759722007,-3.187731151036177,2040.0515373191633,2155.0515373191624
55.94279759722007,-3.187731151036177,E,55.94279759722007,-3.187431151036177,2040.0515373191633,2153.8015373191624
55.94279759722007,-3.187431151036177,E,55.94279759722007,-3.187131151036177,2040.0515373191633,2152.5515373191624
55.94279759722007,-3.187131151036177,E,55.94279759722007,-3.1868311510361766,2040.0515373191633,2151.3015373191624
55.94279759722007,-3.1868311510361766,E,55.94279759722007,-3.1865311510361765,2040.0515373191633,2150.0515373191624
55.94279759722007,-3.1865311510361765,E,55.94279759722007,-3.1862311510361763,2040.0515373191633,2148.8015373191624
55.94279759722007,-3.1862311510361763,ESE,55.94268279219036,-3.185953987176423,2040.0515373191633,2147.5515373191624
55.94268279219036,-3.185953987176423,E,55.94268279219036,-3.1856539871764227,2071.156410344928,2177.4064103449273
55.94268279219036,-3.1856539871764227,E,55.94268279219036,-3.1853539871764225,2177.07886467898,2282.0788646789792
55.94268279219036,-3.1853539871764225,W,55.94268279219036,-3.1856539871764227,2177.07886467898,2280.8288646789792
55.94268279219036,-3.1856539871764227,E,55.94268279219036,-3.1853539871764225,2177.07886467898,2279.5788646789792
55.94268279219036,-3.1853539871764225,W,55.94268279219036,-3.1856539871764227,2177.07886467898,2278.3288646789792
55.94268279219036,-3.1856539871764227,E,55.94268279219036,-3.1853539871764225,2177.07886467898,2277.0788646789792
55.94268279219036,-3.1853539871764225,W,55.94268279219036,-3.1856539871764227,2177.07886467898,2275.8288646789792
55.94268279219036,-3.1856539871764227,E,55.94268279219036,-3.1853539871764225,2177.07886467898,2274.5788646789792
55.94268279219036,-3.1853539871764225,W,55.94268279219036,-3.1856539871764227,2177.07886467898,2273.3288646789792
55.94268279219036,-3.1856539871764227,E,55.94268279219036,-3.1853539871764225,2177.07886467898,2272.0788646789792
55.94268279219036,-3.1853539871764225,W,55.94268279219036,-3.1856539871764227,2177.07886467898,2270.8288646789792
55.94268279219036,-3.1856539871764227,E,55.94268279219036,-3.1853539871764225,2177.07886467898,2269.5788646789792
55.94268279219036,-3.1853539871764225,W,55.94268279219036,-3.1856539871764227,2177.07886467898,2268.3288646789792
55.94268279219036,-3.1856539871764227,E,55.94268279219036,-3.1853539871764225,2177.07886467898,2267.0788646789792
55.94268279219036,-3.1853539871764225,W,55.94268279219036,-3.1856539871764227,2177.07886467898,2265.8288646789792
55.94268279219036,-3.1856539871764227,E,55.94268279219036,-3.1853539871764225,2177.07886467898,2264.5788646789792
55.94268279219036,-3.1853539871764225,W,55.94268279219036,-3.1856539871764227,2177.07886467898,2263.3288646789792
55.94268279219036,-3.1856539871764227,E,55.94268279219036,-3.1853539871764225,2177.07886467898,2262.0788646789792
55.94268279219036,-3.1853539871764225,W,55.94268279219036,-3.1856539871764227,2177.07886467898,2260.8288646789792
55.94268279219036,-3.1856539871764227,E,55.94268279219036,-3.1853539871764225,2177.07886467898,2259.5788646789792
55.94268279219036,-3.1853539871764225,W,55.94268279219036,-3.1856539871764227,2177.07886467898,2258.3288646789792
55.94268279219036,-3.1856539871764227,E,55.94268279219036,-3.1853539871764225,2177.07886467898,2257.0788646789792
55.94268279219036,-3.1853539871764225,W,55.94268279219036,-3.1856539871764227,2177.07886467898,2255.8288646789792
55.94268279219036,-3.1856539871764227,E,55.94268279219036,-3.1853539871764225,2177.07886467898,2254.5788646789792
55.94268279219036,-3.1853539871764225,W,55.94268279219036,-3.1856539871764227,2177.07886467898,2253.3288646789792
55.94268279219036,-3.1856539871764227,E,55.94268279219036,-3.1853539871764225,2177.07886467898,2252.0788646789792
55.94268279219036,-3.1853539871764225,W,55.94268279219036,-3.1856539871764227,2177.07886467898,2250.8288646789792
55.94268279219036,-3.1856539871764227,E,55.94268279219036,-3.1853539871764225,2177.07886467898,2249.5788646789792
55.94268279219036,-3.1853539871764225,W,55.94268279219036,-3.1856539871764227,2177.07886467898,2248.3288646789792
55.94268279219036,-3.1856539871764227,E,55.94268279219036,-3.1853539871764225,2177.07886467898,2247.0788646789792
55.94268279219036,-3.1853539871764225,W,55.94268279219036,-3.1856539871764227,2177.07886467898,2245.8288646789792
55.94268279219036,-3.1856539871764227,E,55.94268279219036,-3.1853539871764225,2177.07886467898,2244.5788646789792
55.94268279219036,-3.1853539871764225,W,55.94268279219036,-3.1856539871764227,2177.07886467898,2243.3288646789792
55.94268279219036,-3.1856539871764227,E,55.94268279219036,-3.1853539871764225,2177.07886467898,2242.0788646789792
55.94268279219036,-3.1853539871764225,W,55.94268279219036,-3.1856539871764227,2177.07886467898,2240.8288646789792
55.94268279219036,-3.1856539871764227,E,55.94268279219036,-3.1853539871764225,2177.07886467898,2239.5788646789792
55.94268279219036,-3.1853539871764225,W,55.94268279219036,-3.1856539871764227,2177.07886467898,2238.3288646789792
55.94268279219036,-3.1856539871764227,E,55.94268279219036,-3.1853539871764225,2177.07886467898,2237.0788646789792
55.94268279219036,-3.1853539871764225,W,55.94268279219036,-3.1856539871764227,2177.07886467898,2235.8288646789792
55.94268279219036,-3.1856539871764227,E,55.94268279219036,-3.1853539871764225,2177.07886467898,2234.5788646789792
55.94268279219036,-3.1853539871764225,W,55.94268279219036,-3.1856539871764227,2177.07886467898,2233.3288646789792
55.94268279219036,-3.1856539871764227,E,55.94268279219036,-3.1853539871764225,2177.07886467898,2232.0788646789792
55.94268279219036,-3.1853539871764225,W,55.94268279219036,-3.1856539871764227,2177.07886467898,2230.8288646789792
55.94268279219036,-3.1856539871764227,E,55.94268279219036,-3.1853539871764225,2177.07886467898,2229.5788646789792
55.94268279219036,-3.1853539871764225,W,55.94268279219036,-3.1856539871764227,2177.07886467898,2228.3288646789792
55.94268279219036,-3.1856539871764227,E,55.94268279219036,-3.1853539871764225,2177.07886467898,2227.0788646789792
55.94268279219036,-3.1853539871764225,W,55.94268279219036,-3.1856539871764227,2177.07886467898,2225.8288646789792
55.94268279219036,-3.1856539871764227,E,55.94268279219036,-3.1853539871764225,2177.07886467898,2224.5788646789792
55.94268279219036,-3.1853539871764225,W,55.94268279219036,-3.1856539871764227,2177.07886467898,2223.3288646789792
55.94268279219036,-3.1856539871764227,E,55.94268279219036,-3.1853539871764225,2177.07886467898,2222.0788646789792
55.94268279219036,-3.1853539871764225,W,55.94268279219036,-3.1856539871764227,2177.07886467898,2220.8288646789792
55.94268279219036,-3.1856539871764227,E,55.94268279219036,-3.1853539871764225,2177.07886467898,2219.5788646789792
55.94268279219036,-3.1853539871764225,W,55.94268279219036,-3.1856539871764227,2177.07886467898,2218.3288646789792
55.94268279219036,-3.1856539871764227,E,55.94268279219036,-3.1853539871764225,2177.07886467898,2217.0788646789792
55.94268279219036,-3.1853539871764225,W,55.94268279219036,-3.1856539871764227,2177.07886467898,2215.8288646789792
55.94268279219036,-3.1856539871764227,E,55.94268279219036,-3.1853539871764225,2177.07886467898,2214.5788646789792
55.94268279219036,-3.1853539871764225,W,55.94268279219036,-3.1856539871764227,2177.07886467898,2213.3288646789792
55.94268279219036,-3.1856539871764227,E,55.94268279219036,-3.1853539871764225,2177.07886467898,2212.0788646789792
55.94268279219036,-3.1853539871764225,W,55.94268279219036,-3.1856539871764227,2177.07886467898,2210.8288646789792
55.94268279219036,-3.1856539871764227,E,55.94268279219036,-3.1853539871764225,2177.07886467898,2209.5788646789792
55.94268279219036,-3.1853539871764225,W,55.94268279219036,-3.1856539871764227,2177.07886467898,2208.3288646789792
55.94268279219036,-3.1856539871764227,E,55.94268279219036,-3.1853539871764225,2177.07886467898,2207.0788646789792
55.94268279219036,-3.1853539871764225,W,55.94268279219036,-3.1856539871764227,2177.07886467898,2205.8288646789792
55.94268279219036,-3.1856539871764227,E,55.94268279219036,-3.1853539871764225,2177.07886467898,2204.5788646789792
55.94268279219036,-3.1853539871764225,W,55.94268279219036,-3.1856539871764227,2177.07886467898,2203.3288646789792
55.94268279219036,-3.1856539871764227,E,55.94268279219036,-3.1853539871764225,2177.07886467898,2202.0788646789792
55.94268279219036,-3.1853539871764225,W,55.94268279219036,-3.1856539871764227,2177.07886467898,2200.8288646789792
55.94268279219036,-3.1856539871764227,E,55.94268279219036,-3.1853539871764225,2177.07886467898,2199.5788646789792
55.94268279219036,-3.1853539871764225,W,55.94268279219036,-3.1856539871764227,2177.07886467898,2198.3288646789792
55.94268279219036,-3.1856539871764227,E,55.94268279219036,-3.1853539871764225,2177.07886467898,2197.0788646789792
55.94268279219036,-3.1853539871764225,W,55.94268279219036,-3.1856539871764227,2177.07886467898,2195.8288646789792
55.94268279219036,-3.1856539871764227,E,55.94268279219036,-3.1853539871764225,2177.07886467898,2194.5788646789792
55.94268279219036,-3.1853539871764225,W,55.94268279219036,-3.1856539871764227,2177.07886467898,2193.3288646789792
55.94268279219036,-3.1856539871764227,E,55.94268279219036,-3.1853539871764225,2177.07886467898,2192.0788646789792
55.94268279219036,-3.1853539871764225,W,55.94268279219036,-3.1856539871764227,2177.07886467898,2190.8288646789792
55.94268279219036,-3.1856539871764227,E,55.94268279219036,-3.1853539871764225,2177.07886467898,2189.5788646789792
55.94268279219036,-3.1853539871764225,W,55.94268279219036,-3.1856539871764227,2177.07886467898,2188.3288646789792
55.94268279219036,-3.1856539871764227,E,55.94268279219036,-3.1853539871764225,2177.07886467898,2187.0788646789792
55.94268279219036,-3.1853539871764225,W,55.94268279219036,-3.1856539871764227,2177.07886467898,2185.8288646789792
55.94268279219036,-3.1856539871764227,E,55.94268279219036,-3.1853539871764225,2177.07886467898,2184.5788646789792
55.94268279219036,-3.1853539871764225,W,55.94268279219036,-3.1856539871764227,2177.07886467898,2183.3288646789792
55.94268279219036,-3.1856539871764227,E,55.94268279219036,-3.1853539871764225,2177.07886467898,2182.0788646789792
55.94268279219036,-3.1853539871764225,W,55.94268279219036,-3.1856539871764227,2177.07886467898,2180.8288646789792
55.94268279219036,-3.1856539871764227,E,55.94268279219036,-3.1853539871764225,2177.07886467898,2179.5788646789792
55.94268279219036,-3.1853539871764225,W,55.94268279219036,-3.1856539871764227,2177.07886467898,2178.3288646789792
55.94268279219036,-3.1856539871764227,E,55.94268279219036,-3.1853539871764225,2177.07886467898,2177.0788646789792
55.94268279219036,-3.1853539871764225,W,55.94268279219036,-3.1856539871764227,2177.07886467898,2175.8288646789792
55.94268279219036,-3.1856539871764227,E,55.94268279219036,-3.1853539871764225,2177.07886467898,2174.5788646789792
55.94268279219036,-3.1853539871764225,W,55.94268279219036,-3.1856539871764227,2177.07886467898,2173.3288646789792
55.94268279219036,-3.1856539871764227,E,55.94268279219036,-3.1853539871764225,2177.07886467898,2172.0788646789792
55.94268279219036,-3.1853539871764225,W,55.94268279219036,-3.1856539871764227,2177.07886467898,2170.8288646789792
55.94268279219036,-3.1856539871764227,E,55.94268279219036,-3.1853539871764225,2177.07886467898,2169.5788646789792
55.94268279219036,-3.1853539871764225,W,55.94268279219036,-3.1856539871764227,2177.07886467898,2168.3288646789792
55.94268279219036,-3.1856539871764227,E,55.94268279219036,-3.1853539871764225,2177.07886467898,2167.0788646789792
55.94268279219036,-3.1853539871764225,W,55.94268279219036,-3.1856539871764227,2177.07886467898,2165.8288646789792
55.94268279219036,-3.1856539871764227,E,55.94268279219036,-3.1853539871764225,2177.07886467898,2164.5788646789792
55.94268279219036,-3.1853539871764225,W,55.94268279219036,-3.1856539871764227,2177.07886467898,2163.3288646789792
55.94268279219036,-3.1856539871764227,E,55.94268279219036,-3.1853539871764225,2177.07886467898,2162.0788646789792
55.94268279219036,-3.1853539871764225,W,55.94268279219036,-3.1856539871764227,2177.07886467898,2160.8288646789792
55.94268279219036,-3.1856539871764227,E,55.94268279219036,-3.1853539871764225,2177.07886467898,2159.5788646789792
55.94268279219036,-3.1853539871764225,W,55.94268279219036,-3.1856539871764227,2177.07886467898,2158.3288646789792
55.94268279219036,-3.1856539871764227,E,55.94268279219036,-3.1853539871764225,2177.07886467898,2157.0788646789792
55.94268279219036,-3.1853539871764225,W,55.94268279219036,-3.1856539871764227,2177.07886467898,2155.8288646789792
55.94268279219036,-3.1856539871764227,E,55.94268279219036,-3.1853539871764225,2177.07886467898,2154.5788646789792
55.94268279219036,-3.1853539871764225,W,55.94268279219036,-3.1856539871764227,2177.07886467898,2153.3288646789792
55.94268279219036,-3.1856539871764227,E,55.94268279219036,-3.1853539871764225,2177.07886467898,2152.0788646789792
55.94268279219036,-3.1853539871764225,W,55.94268279219036,-3.1856539871764227,2177.07886467898,2150.8288646789792
55.94268279219036,-3.1856539871764227,E,55.94268279219036,-3.1853539871764225,2177.07886467898,2149.5788646789792
55.94268279219036,-3.1853539871764225,W,55.94268279219036,-3.1856539871764227,2177.07886467898,2148.3288646789792
55.94268279219036,-3.1856539871764227,E,55.94268279219036,-3.1853539871764225,2177.07886467898,2147.0788646789792
55.94268279219036,-3.1853539871764225,W,55.94268279219036,-3.1856539871764227,2177.07886467898,2145.8288646789792
55.94268279219036,-3.1856539871764227,E,55.94268279219036,-3.1853539871764225,2177.07886467898,2144.5788646789792
55.94268279219036,-3.1853539871764225,W,55.94268279219036,-3.1856539871764227,2177.07886467898,2143.3288646789792
55.94268279219036,-3.1856539871764227,E,55.94268279219036,-3.1853539871764225,2177.07886467898,2142.0788646789792
55.94268279219036,-3.1853539871764225,W,55.94268279219036,-3.1856539871764227,2177.07886467898,2140.8288646789792
55.94268279219036,-3.1856539871764227,E,55.94268279219036,-3.1853539871764225,2177.07886467898,2139.5788646789792
55.94268279219036,-3.1853539871764225,W,55.94268279219036,-3.1856539871764227,2177.07886467898,2138.3288646789792
55.94268279219036,-3.1856539871764227,E,55.94268279219036,-3.1853539871764225,2177.07886467898,2137.0788646789792
55.94268279219036,-3.1853539871764225,W,55.94268279219036,-3.1856539871764227,2177.07886467898,2135.8288646789792
55.94268279219036,-3.1856539871764227,E,55.94268279219036,-3.1853539871764225,2177.07886467898,2134.5788646789792
55.94268279219036,-3.1853539871764225,W,55.94268279219036,-3.1856539871764227,2177.07886467898,2133.3288646789792
55.94268279219036,-3.1856539871764227,E,55.94268279219036,-3.1853539871764225,2177.07886467898,2132.0788646789792
55.94268279219036,-3.1853539871764225,W,55.94268279219036,-3.1856539871764227,2177.07886467898,2130.8288646789792
55.94268279219036,-3.1856539871764227,E,55.94268279219036,-3.1853539871764225,2177.07886467898,2129.5788646789792
55.94268279219036,-3.1853539871764225,W,55.94268279219036,-3.1856539871764227,2177.07886467898,2128.3288646789792
55.94268279219036,-3.1856539871764227,E,55.94268279219036,-3.1853539871764225,2177.07886467898,2127.0788646789792
55.94268279219036,-3.1853539871764225,W,55.94268279219036,-3.1856539871764227,2177.07886467898,2125.8288646789792
55.94268279219036,-3.1856539871764227,E,55.94268279219036,-3.1853539871764225,2177.07886467898,2124.5788646789792
55.94268279219036,-3.1853539871764225,W,55.94268279219036,-3.1856539871764227,2177.07886467898,2123.3288646789792
55.94268279219036,-3.1856539871764227,E,55.94268279219036,-3.1853539871764225,2177.07886467898,2122.0788646789792
55.94268279219036,-3.1853539871764225,W,55.94268279219036,-3.1856539871764227,2177.07886467898,2120.8288646789792
55.94268279219036,-3.1856539871764227,E,55.94268279219036,-3.1853539871764225,2177.07886467898,2119.5788646789792
55.94268279219036,-3.1853539871764225,W,55.94268279219036,-3.1856539871764227,2177.07886467898,2118.3288646789792
55.94268279219036,-3.1856539871764227,E,55.94268279219036,-3.1853539871764225,2177.07886467898,2117.0788646789792
55.94268279219036,-3.1853539871764225,W,55.94268279219036,-3.1856539871764227,2177.07886467898,2115.8288646789792
55.94268279219036,-3.1856539871764227,E,55.94268279219036,-3.1853539871764225,2177.07886467898,2114.5788646789792
