55.944425,-3.188396,N,55.944725000000005,-3.188396,0.0,248.75
55.944725000000005,-3.188396,SSE,55.94444783614025,-3.1882811949702905,63.775421544612854,311.27542154461287
55.94444783614025,-3.1882811949702905,ESE,55.94433303111054,-3.188004031110537,63.775421544612854,310.02542154461287
55.94433303111054,-3.188004031110537,E,55.94433303111054,-3.187704031110537,105.6332542963224,350.63325429632243
55.94433303111054,-3.187704031110537,S,55.944033031110536,-3.187704031110537,191.34032331402022,435.0903233140202
55.944033031110536,-3.187704031110537,E,55.944033031110536,-3.1874040311105367,191.34032331402022,433.8403233140202
55.944033031110536,-3.1874040311105367,W,55.944033031110536,-3.187704031110537,191.34032331402022,432.5903233140202
55.944033031110536,-3.187704031110537,WSW,55.943918226080825,-3.1879811949702903,191.34032331402022,431.3403233140202
55.943918226080825,-3.1879811949702903,SE,55.94370609404647,-3.1877690629359345,191.34032331402022,430.0903233140202
55.94370609404647,-3.1877690629359345,SSW,55.94342893018671,-3.187883867965644,226.88269393296747,464.38269393296747
55.94342893018671,-3.187883867965644,WSW,55.943314125157,-3.1881610318253975,309.23792105575717,545.4879210557572
55.943314125157,-3.1881610318253975,NE,55.94352625719136,-3.1879488997910417,309.23792105575717,544.2379210557572
55.94352625719136,-3.1879488997910417,SW,55.943314125157,-3.1881610318253975,309.23792105575717,542.9879210557572
55.943314125157,-3.1881610318253975,SE,55.943101993122646,-3.1879488997910417,309.23792105575717,541.7379210557572
55.943101993122646,-3.1879488997910417,SSE,55.94282482926289,-3.187834094761332,394.845793568565,626.095793568565
55.94282482926289,-3.187834094761332,ENE,55.9429396342926,-3.1875569309015788,430.41142000975094,660.4114200097509
55.9429396342926,-3.1875569309015788,SSW,55.94266247043284,-3.1876717359312883,430.41142000975094,659.1614200097509
55.94266247043284,-3.1876717359312883,W,55.94266247043284,-3.1879717359312885,430.41142000975094,657.9114200097509
55.94266247043284,-3.1879717359312885,W,55.94266247043284,-3.1882717359312887,430.41142000975094,656.6614200097509
55.94266247043284,-3.1882717359312887,W,55.94266247043284,-3.188571735931289,430.41142000975094,655.4114200097509
55.94266247043284,-3.188571735931289,W,55.94266247043284,-3.188871735931289,430.41142000975094,654.1614200097509
55.94266247043284,-3.188871735931289,NW,55.9428746024672,-3.189083867965645,430.41142000975094,652.9114200097509
55.9428746024672,-3.189083867965645,SW,55.94266247043284,-3.1892960000000006,430.41142000975094,651.6614200097509
55.94266247043284,-3.1892960000000006,W,55.94266247043284,-3.1895960000000008,430.41142000975094,650.4114200097509
55.94266247043284,-3.1895960000000008,WNW,55.942777275462554,-3.189873163859754,430.41142000975094,649.1614200097509
55.942777275462554,-3.189873163859754,WSW,55.94266247043284,-3.1901503277195076,445.44777956376964,662.9477795637696
55.94266247043284,-3.1901503277195076,ENE,55.942777275462554,-3.189873163859754,445.44777956376964,661.6977795637696
55.942777275462554,-3.189873163859754,W,55.942777275462554,-3.1901731638597544,445.44777956376964,660.4477795637696
55.942777275462554,-3.1901731638597544,ENE,55.942892080492264,-3.189896000000001,445.44777956376964,659.1977795637696
55.942892080492264,-3.189896000000001,SE,55.94267994845791,-3.189683867965645,445.44777956376964,657.9477795637696
55.94267994845791,-3.189683867965645,W,55.94267994845791,-3.1899838679656454,445.44777956376964,656.6977795637696
55.94267994845791,-3.1899838679656454,NE,55.942892080492264,-3.1897717359312896,445.44777956376964,655.4477795637696
55.942892080492264,-3.1897717359312896,SW,55.94267994845791,-3.1899838679656454,445.44777956376964,654.1977795637696
55.94267994845791,-3.1899838679656454,W,55.94267994845791,-3.1902838679656456,445.44777956376964,652.9477795637696
55.94267994845791,-3.1902838679656456,N,55.94297994845791,-3.1902838679656456,445.44777956376964,651.6977795637696
55.94297994845791,-3.1902838679656456,E,55.94297994845791,-3.1899838679656454,445.44777956376964,650.4477795637696
55.94297994845791,-3.1899838679656454,SSE,55.942702784598154,-3.189869062935936,445.44777956376964,649.1977795637696
55.942702784598154,-3.189869062935936,W,55.942702784598154,-3.190169062935936,445.44777956376964,647.9477795637696
55.942702784598154,-3.190169062935936,W,55.942702784598154,-3.1904690629359362,445.44777956376964,646.6977795637696
55.942702784598154,-3.1904690629359362,W,55.942702784598154,-3.1907690629359364,445.44777956376964,645.4477795637696
55.942702784598154,-3.1907690629359364,WNW,55.942817589627865,-3.19104622679569,473.24193497871744,671.9919349787174
55.942817589627865,-3.19104622679569,N,55.94311758962787,-3.19104622679569,473.24193497871744,670.7419349787174
55.94311758962787,-3.19104622679569,W,55.94311758962787,-3.19134622679569,473.24193497871744,669.4919349787174
55.94311758962787,-3.19134622679569,SSE,55.94284042576811,-3.1912314217659805,473.24193497871744,668.2419349787174
55.94284042576811,-3.1912314217659805,NE,55.94305255780247,-3.1910192897316247,473.24193497871744,666.9919349787174
55.94305255780247,-3.1910192897316247,N,55.94335255780247,-3.1910192897316247,473.24193497871744,665.7419349787174
55.94335255780247,-3.1910192897316247,S,55.94305255780247,-3.1910192897316247,473.24193497871744,664.4919349787174
55.94305255780247,-3.1910192897316247,NNW,55.943329721662224,-3.1911340947613343,473.24193497871744,663.2419349787174
55.943329721662224,-3.1911340947613343,SE,55.94311758962787,-3.1909219627269785,473.24193497871744,661.9919349787174
55.94311758962787,-3.1909219627269785,N,55.94341758962787,-3.1909219627269785,473.24193497871744,660.7419349787174
55.94341758962787,-3.1909219627269785,S,55.94311758962787,-3.1909219627269785,473.24193497871744,659.4919349787174
55.94311758962787,-3.1909219627269785,WNW,55.94323239465758,-3.191199126586732,473.24193497871744,658.2419349787174
55.94323239465758,-3.191199126586732,W,55.94323239465758,-3.191499126586732,473.24193497871744,656.9919349787174
55.94323239465758,-3.191499126586732,SE,55.94302026262322,-3.1912869945523763,473.24193497871744,655.7419349787174
55.94302026262322,-3.1912869945523763,ENE,55.94313506765293,-3.191009830692623,473.24193497871744,654.4919349787174
55.94313506765293,-3.191009830692623,NW,55.94334719968729,-3.1912219627269787,473.24193497871744,653.2419349787174
55.94334719968729,-3.1912219627269787,E,55.94334719968729,-3.1909219627269785,473.24193497871744,651.9919349787174
55.94334719968729,-3.1909219627269785,NE,55.943559331721644,-3.1907098306926227,473.24193497871744,650.7419349787174
55.943559331721644,-3.1907098306926227,N,55.94385933172165,-3.1907098306926227,482.7325692153795,658.9825692153795
55.94385933172165,-3.1907098306926227,SE,55.94364719968729,-3.190497698658267,482.7325692153795,657.7325692153795
55.94364719968729,-3.190497698658267,SE,55.943435067652935,-3.190285566623911,482.7325692153795,656.4825692153795
55.943435067652935,-3.190285566623911,NNE,55.94371223151269,-3.1901707615942017,482.7325692153795,655.2325692153795
55.94371223151269,-3.1901707615942017,ENE,55.9438270365424,-3.1898935977344482,551.2504319842666,722.5004319842666
55.9438270365424,-3.1898935977344482,NE,55.94403916857676,-3.1896814657000925,551.2504319842666,721.2504319842666
55.94403916857676,-3.1896814657000925,E,55.94403916857676,-3.1893814657000923,551.2504319842666,720.0004319842666
55.94403916857676,-3.1893814657000923,W,55.94403916857676,-3.1896814657000925,551.2504319842666,718.7504319842666
55.94403916857676,-3.1896814657000925,E,55.94403916857676,-3.1893814657000923,551.2504319842666,717.5004319842666
55.94403916857676,-3.1893814657000923,ESE,55.94392436354705,-3.189104301840339,551.2504319842666,716.2504319842666
55.94392436354705,-3.189104301840339,ESE,55.94380955851734,-3.1888271379805855,644.7572525629214,808.5072525629214
55.94380955851734,-3.1888271379805855,N,55.94410955851734,-3.1888271379805855,736.915192146239,899.415192146239
55.94410955851734,-3.1888271379805855,SSW,55.94383239465758,-3.188941943010295,736.915192146239,898.165192146239
55.94383239465758,-3.188941943010295,NNE,55.94410955851734,-3.1888271379805855,736.915192146239,896.915192146239
55.94410955851734,-3.1888271379805855,NNW,55.9443867223771,-3.188941943010295,736.915192146239,895.665192146239
55.9443867223771,-3.188941943010295,NW,55.94459885441145,-3.1891540750446508,844.796572754963,1002.296572754963
55.94459885441145,-3.1891540750446508,SW,55.9443867223771,-3.1893662070790065,844.796572754963,1001.046572754963
55.9443867223771,-3.1893662070790065,NNW,55.94466388623685,-3.189481012108716,844.796572754963,999.796572754963
55.94466388623685,-3.189481012108716,WSW,55.94454908120714,-3.1897581759684694,874.0448163886114,1027.7948163886113
55.94454908120714,-3.1897581759684694,E,55.94454908120714,-3.1894581759684693,874.0448163886114,1026.5448163886113
55.94454908120714,-3.1894581759684693,W,55.94454908120714,-3.1897581759684694,874.0448163886114,1025.2948163886113
55.94454908120714,-3.1897581759684694,NNW,55.9448262450669,-3.189872980998179,874.0448163886114,1024.0448163886113
55.9448262450669,-3.189872980998179,S,55.944526245066896,-3.189872980998179,874.0448163886114,1022.7948163886113
55.944526245066896,-3.189872980998179,SSW,55.94424908120714,-3.1899877860278885,874.0448163886114,1021.5448163886113
55.94424908120714,-3.1899877860278885,WSW,55.94413427617743,-3.190264949887642,874.0448163886114,1020.2948163886113
55.94413427617743,-3.190264949887642,SE,55.94392214414307,-3.190052817853286,874.0448163886114,1019.0448163886113
55.94392214414307,-3.190052817853286,E,55.94392214414307,-3.189752817853286,874.0448163886114,1017.7948163886113
55.94392214414307,-3.189752817853286,NNE,55.94419930800283,-3.1896380128235764,874.0448163886114,1016.5448163886113
55.94419930800283,-3.1896380128235764,ESE,55.94408450297312,-3.189360848963823,874.0448163886114,1015.2948163886113
55.94408450297312,-3.189360848963823,ENE,55.94419930800283,-3.1890836851040696,874.0448163886114,1014.0448163886113
55.94419930800283,-3.1890836851040696,SSE,55.94392214414307,-3.18896888007436,874.0448163886114,1012.7948163886113
55.94392214414307,-3.18896888007436,E,55.94392214414307,-3.18866888007436,874.0448163886114,1011.5448163886113
55.94392214414307,-3.18866888007436,WSW,55.94380733911336,-3.1889460439341133,874.0448163886114,1010.2948163886113
55.94380733911336,-3.1889460439341133,SE,55.94359520707901,-3.1887339118997575,874.0448163886114,1009.0448163886113
55.94359520707901,-3.1887339118997575,SSW,55.94331804321925,-3.188848716929467,874.0448163886114,1007.7948163886113
55.94331804321925,-3.188848716929467,E,55.94331804321925,-3.188548716929467,874.0448163886114,1006.5448163886113
55.94331804321925,-3.188548716929467,NNW,55.94359520707901,-3.1886635219591764,874.0448163886114,1005.2948163886113
55.94359520707901,-3.1886635219591764,NNW,55.94387237093876,-3.188778326988886,874.0448163886114,1004.0448163886113
55.94387237093876,-3.188778326988886,SE,55.94366023890441,-3.18856619495453,874.0448163886114,1002.7948163886113
55.94366023890441,-3.18856619495453,SSW,55.94338307504465,-3.1886809999842396,874.0448163886114,1001.5448163886113
55.94338307504465,-3.1886809999842396,WSW,55.94326827001494,-3.188958163843993,874.0448163886114,1000.2948163886113
55.94326827001494,-3.188958163843993,E,55.94326827001494,-3.188658163843993,874.0448163886114,999.0448163886113
55.94326827001494,-3.188658163843993,WSW,55.94315346498523,-3.188935327703746,874.0448163886114,997.7948163886113
55.94315346498523,-3.188935327703746,S,55.94285346498523,-3.188935327703746,874.0448163886114,996.5448163886113
55.94285346498523,-3.188935327703746,NW,55.94306559701958,-3.189147459738102,874.0448163886114,995.2948163886113
55.94306559701958,-3.189147459738102,SW,55.94285346498523,-3.1893595917724578,874.0448163886114,994.0448163886113
55.94285346498523,-3.1893595917724578,E,55.94285346498523,-3.1890595917724576,874.0448163886114,992.7948163886113
55.94285346498523,-3.1890595917724576,SW,55.94264133295087,-3.1892717238068133,874.0448163886114,991.5448163886113
55.94264133295087,-3.1892717238068133,WNW,55.94275613798058,-3.1895488876665667,874.0448163886114,990.2948163886113
55.94275613798058,-3.1895488876665667,WSW,55.94264133295087,-3.18982605152632,874.0448163886114,989.0448163886113
55.94264133295087,-3.18982605152632,W,55.94264133295087,-3.1901260515263203,874.0448163886114,987.7948163886113
55.94264133295087,-3.1901260515263203,W,55.94264133295087,-3.1904260515263205,874.0448163886114,986.5448163886113
55.94264133295087,-3.1904260515263205,E,55.94264133295087,-3.1901260515263203,874.0448163886114,985.2948163886113
55.94264133295087,-3.1901260515263203,W,55.94264133295087,-3.1904260515263205,874.0448163886114,984.0448163886113
55.94264133295087,-3.1904260515263205,W,55.94264133295087,-3.1907260515263207,874.0448163886114,982.7948163886113
55.94264133295087,-3.1907260515263207,W,55.94264133295087,-3.191026051526321,874.0448163886114,981.5448163886113
55.94264133295087,-3.191026051526321,ENE,55.94275613798058,-3.1907488876665675,874.0448163886114,980.2948163886113
55.94275613798058,-3.1907488876665675,ESE,55.94264133295087,-3.190471723806814,874.0448163886114,979.0448163886113
55.94264133295087,-3.190471723806814,E,55.94264133295087,-3.190171723806814,874.0448163886114,977.7948163886113
55.94264133295087,-3.190171723806814,WNW,55.94275613798058,-3.1904488876665673,874.0448163886114,976.5448163886113
55.94275613798058,-3.1904488876665673,WSW,55.94264133295087,-3.1907260515263207,874.0448163886114,975.2948163886113
55.94264133295087,-3.1907260515263207,W,55.94264133295087,-3.191026051526321,874.0448163886114,974.0448163886113
55.94264133295087,-3.191026051526321,W,55.94264133295087,-3.191326051526321,874.0448163886114,972.7948163886113
55.94264133295087,-3.191326051526321,W,55.94264133295087,-3.1916260515263213,874.0448163886114,971.5448163886113
55.94264133295087,-3.1916260515263213,W,55.94264133295087,-3.1919260515263215,874.0448163886114,970.2948163886113
55.94264133295087,-3.1919260515263215,NW,55.94285346498523,-3.1921381835606772,970.3552698153558,1065.3552698153555
55.94285346498523,-3.1921381835606772,N,55.94315346498523,-3.1921381835606772,970.3552698153558,1064.1052698153555
55.94315346498523,-3.1921381835606772,NW,55.943365597019586,-3.192350315595033,970.3552698153558,1062.8552698153555
55.943365597019586,-3.192350315595033,NNW,55.94364276087934,-3.1924651206247425,970.3552698153558,1061.6052698153555
55.94364276087934,-3.1924651206247425,N,55.943942760879345,-3.1924651206247425,970.3552698153558,1060.3552698153555
55.943942760879345,-3.1924651206247425,SSE,55.94366559701959,-3.192350315595033,970.3552698153558,1059.1052698153555
55.94366559701959,-3.192350315595033,S,55.943365597019586,-3.192350315595033,970.3552698153558,1057.8552698153555
55.943365597019586,-3.192350315595033,E,55.943365597019586,-3.192050315595033,970.3552698153558,1056.6052698153555
55.943365597019586,-3.192050315595033,SSW,55.94308843315983,-3.1921651206247423,970.3552698153558,1055.3552698153555
55.94308843315983,-3.1921651206247423,N,55.94338843315983,-3.1921651206247423,970.3552698153558,1054.1052698153555
55.94338843315983,-3.1921651206247423,ESE,55.94327362813012,-3.191887956764989,970.3552698153558,1052.8552698153555
55.94327362813012,-3.191887956764989,SSE,55.942996464270365,-3.1917731517352794,970.3552698153558,1051.6052698153555
55.942996464270365,-3.1917731517352794,E,55.942996464270365,-3.1914731517352792,970.3552698153558,1050.3552698153555
55.942996464270365,-3.1914731517352792,SSW,55.94271930041061,-3.1915879567649887,970.3552698153558,1049.1052698153555
55.94271930041061,-3.1915879567649887,W,55.94271930041061,-3.191887956764989,970.3552698153558,1047.8552698153555
55.94271930041061,-3.191887956764989,W,55.94271930041061,-3.192187956764989,970.3552698153558,1046.6052698153555
55.94271930041061,-3.192187956764989,NE,55.942931432444965,-3.1919758247306333,970.3552698153558,1045.3552698153555
55.942931432444965,-3.1919758247306333,SE,55.94271930041061,-3.1917636926962776,970.3552698153558,1044.1052698153555
55.94271930041061,-3.1917636926962776,NNE,55.942996464270365,-3.191648887666568,970.3552698153558,1042.8552698153555
55.942996464270365,-3.191648887666568,W,55.942996464270365,-3.1919488876665683,970.3552698153558,1041.6052698153555
55.942996464270365,-3.1919488876665683,NNW,55.94327362813012,-3.1920636926962778,970.3552698153558,1040.3552698153555
55.94327362813012,-3.1920636926962778,S,55.94297362813012,-3.1920636926962778,970.3552698153558,1039.1052698153555
55.94297362813012,-3.1920636926962778,ESE,55.94285882310041,-3.1917865288365244,970.3552698153558,1037.8552698153555
55.94285882310041,-3.1917865288365244,SW,55.94264669106605,-3.19199866087088,970.3552698153558,1036.6052698153555
55.94264669106605,-3.19199866087088,W,55.94264669106605,-3.1922986608708803,970.3552698153558,1035.3552698153555
55.94264669106605,-3.1922986608708803,NNW,55.94292385492581,-3.19241346590059,970.3552698153558,1034.1052698153555
55.94292385492581,-3.19241346590059,NE,55.943135986960165,-3.192201333866234,970.3552698153558,1032.8552698153555
55.943135986960165,-3.192201333866234,NW,55.94334811899452,-3.19241346590059,970.3552698153558,1031.6052698153555
55.94334811899452,-3.19241346590059,N,55.943648118994524,-3.19241346590059,970.3552698153558,1030.3552698153555
55.943648118994524,-3.19241346590059,NNE,55.94392528285428,-3.1922986608708803,970.3552698153558,1029.1052698153555
55.94392528285428,-3.1922986608708803,S,55.94362528285428,-3.1922986608708803,970.3552698153558,1027.8552698153555
55.94362528285428,-3.1922986608708803,ESE,55.94351047782457,-3.192021497011127,970.3552698153558,1026.6052698153555
55.94351047782457,-3.192021497011127,S,55.943210477824564,-3.192021497011127,970.3552698153558,1025.3552698153555
55.943210477824564,-3.192021497011127,ESE,55.943095672794854,-3.1917443331513735,970.3552698153558,1024.1052698153555
55.943095672794854,-3.1917443331513735,E,55.943095672794854,-3.1914443331513733,970.3552698153558,1022.8552698153555
55.943095672794854,-3.1914443331513733,SSE,55.9428185089351,-3.191329528121664,970.3552698153558,1021.6052698153555
55.9428185089351,-3.191329528121664,WSW,55.94270370390539,-3.191606691981417,970.3552698153558,1020.3552698153555
55.94270370390539,-3.191606691981417,W,55.94270370390539,-3.1919066919814174,970.3552698153558,1019.1052698153555
55.94270370390539,-3.1919066919814174,W,55.94270370390539,-3.1922066919814176,970.3552698153558,1017.8552698153555
55.94270370390539,-3.1922066919814176,NW,55.94291583593974,-3.1924188240157734,970.3552698153558,1016.6052698153555
55.94291583593974,-3.1924188240157734,SSE,55.94263867207999,-3.192304018986064,970.3552698153558,1015.3552698153555
55.94263867207999,-3.192304018986064,NNW,55.94291583593974,-3.1924188240157734,970.3552698153558,1014.1052698153555
55.94291583593974,-3.1924188240157734,N,55.943215835939746,-3.1924188240157734,970.3552698153558,1012.8552698153555
55.943215835939746,-3.1924188240157734,N,55.94351583593975,-3.1924188240157734,970.3552698153558,1011.6052698153555
55.94351583593975,-3.1924188240157734,NE,55.943727967974105,-3.1922066919814176,970.3552698153558,1010.3552698153555
55.943727967974105,-3.1922066919814176,N,55.94402796797411,-3.1922066919814176,970.3552698153558,1009.1052698153555
55.94402796797411,-3.1922066919814176,NW,55.944240100008464,-3.1924188240157734,970.3552698153558,1007.8552698153555
55.944240100008464,-3.1924188240157734,E,55.944240100008464,-3.192118824015773,970.3552698153558,1006.6052698153555
55.944240100008464,-3.192118824015773,SSE,55.94396293614871,-3.1920040189860637,970.3552698153558,1005.3552698153555
55.94396293614871,-3.1920040189860637,N,55.94426293614871,-3.1920040189860637,970.3552698153558,1004.1052698153555
55.94426293614871,-3.1920040189860637,N,55.944562936148714,-3.1920040189860637,970.3552698153558,1002.8552698153555
55.944562936148714,-3.1920040189860637,NW,55.94477506818307,-3.1922161510204194,970.3552698153558,1001.6052698153555
55.94477506818307,-3.1922161510204194,N,55.94507506818307,-3.1922161510204194,1024.6129524790406,1054.6129524790404
55.94507506818307,-3.1922161510204194,NW,55.94528720021743,-3.192428283054775,1059.9678974750018,1088.7178974750016
55.94528720021743,-3.192428283054775,ENE,55.94540200524714,-3.192151119195022,1064.3728937493674,1091.8728937493672
55.94540200524714,-3.192151119195022,NE,55.945614137281495,-3.191938987160666,1064.3728937493674,1090.6228937493672
55.945614137281495,-3.191938987160666,NNW,55.94589130114125,-3.1920537921903755,1064.3728937493674,1089.3728937493672
55.94589130114125,-3.1920537921903755,W,55.94589130114125,-3.1923537921903757,1064.3728937493674,1088.1228937493672
55.94589130114125,-3.1923537921903757,NNW,55.94616846500101,-3.1924685972200852,1064.3728937493674,1086.8728937493672
55.94616846500101,-3.1924685972200852,E,55.94616846500101,-3.192168597220085,1064.3728937493674,1085.6228937493672
55.94616846500101,-3.192168597220085,SSE,55.94589130114125,-3.1920537921903755,1064.3728937493674,1084.3728937493672
55.94589130114125,-3.1920537921903755,W,55.94589130114125,-3.1923537921903757,1064.3728937493674,1083.1228937493672
55.94589130114125,-3.1923537921903757,N,55.946191301141255,-3.1923537921903757,1064.3728937493674,1081.8728937493672
55.946191301141255,-3.1923537921903757,E,55.946191301141255,-3.1920537921903755,1064.3728937493674,1080.6228937493672
55.946191301141255,-3.1920537921903755,E,55.946191301141255,-3.1917537921903754,1064.3728937493674,1079.3728937493672
55.946191301141255,-3.1917537921903754,WSW,55.946076496111544,-3.1920309560501288,1064.3728937493674,1078.1228937493672
55.946076496111544,-3.1920309560501288,WSW,55.945961691081834,-3.192308119909882,1064.3728937493674,1076.8728937493672
55.945961691081834,-3.192308119909882,NE,55.94617382311619,-3.1920959878755264,1064.3728937493674,1075.6228937493672
55.94617382311619,-3.1920959878755264,E,55.94617382311619,-3.191795987875526,1064.3728937493674,1074.3728937493672
55.94617382311619,-3.191795987875526,E,55.94617382311619,-3.191495987875526,1064.3728937493674,1073.1228937493672
55.94617382311619,-3.191495987875526,E,55.94617382311619,-3.191195987875526,1064.3728937493674,1071.8728937493672
55.94617382311619,-3.191195987875526,E,55.94617382311619,-3.1908959878755256,1064.3728937493674,1070.6228937493672
55.94617382311619,-3.1908959878755256,E,55.94617382311619,-3.1905959878755255,1064.3728937493674,1069.3728937493672
55.94617382311619,-3.1905959878755255,S,55.94587382311619,-3.1905959878755255,1064.3728937493674,1068.1228937493672
55.94587382311619,-3.1905959878755255,SSW,55.94559665925643,-3.190710792905235,1086.4627010543104,1088.96270105431
55.94559665925643,-3.190710792905235,NE,55.94580879129079,-3.190498660870879,1086.4627010543104,1087.71270105431
55.94580879129079,-3.190498660870879,WNW,55.9459235963205,-3.1907758247306326,1086.4627010543104,1086.46270105431
55.9459235963205,-3.1907758247306326,W,55.9459235963205,-3.191075824730633,1086.4627010543104,1085.21270105431
55.9459235963205,-3.191075824730633,NNW,55.946200760180254,-3.1911906297603423,1086.4627010543104,1083.96270105431
55.946200760180254,-3.1911906297603423,E,55.946200760180254,-3.190890629760342,1086.4627010543104,1082.71270105431
55.946200760180254,-3.190890629760342,E,55.946200760180254,-3.190590629760342,1086.4627010543104,1081.46270105431
55.946200760180254,-3.190590629760342,SSE,55.9459235963205,-3.1904758247306324,1086.4627010543104,1080.21270105431
55.9459235963205,-3.1904758247306324,ENE,55.94603840135021,-3.190198660870879,1188.183222484405,1180.6832224844045
55.94603840135021,-3.190198660870879,SW,55.94582626931585,-3.1904107929052348,1188.183222484405,1179.4332224844045
55.94582626931585,-3.1904107929052348,SW,55.945614137281495,-3.1906229249395905,1188.183222484405,1178.1832224844045
55.945614137281495,-3.1906229249395905,SSE,55.94533697342174,-3.190508119909881,1188.183222484405,1176.9332224844045
55.94533697342174,-3.190508119909881,SSE,55.94505980956198,-3.1903933148801715,1188.183222484405,1175.6832224844045
55.94505980956198,-3.1903933148801715,SSE,55.944782645702226,-3.190278509850462,1294.0237805744712,1280.2737805744707
55.944782645702226,-3.190278509850462,NNE,55.94505980956198,-3.1901637048207525,1294.0237805744712,1279.0237805744707
55.94505980956198,-3.1901637048207525,NNE,55.94533697342174,-3.190048899791043,1294.0237805744712,1277.7737805744707
55.94533697342174,-3.190048899791043,N,55.94563697342174,-3.190048899791043,1294.0237805744712,1276.5237805744707
55.94563697342174,-3.190048899791043,NW,55.9458491054561,-3.1902610318253988,1294.0237805744712,1275.2737805744707
55.9458491054561,-3.1902610318253988,WNW,55.94596391048581,-3.190538195685152,1294.0237805744712,1274.0237805744707
55.94596391048581,-3.190538195685152,NE,55.946176042520165,-3.1903260636507964,1294.0237805744712,1272.7737805744707
55.946176042520165,-3.1903260636507964,SSE,55.94589887866041,-3.190211258621087,1294.0237805744712,1271.5237805744707
55.94589887866041,-3.190211258621087,E,55.94589887866041,-3.1899112586210867,1294.0237805744712,1270.2737805744707
55.94589887866041,-3.1899112586210867,WSW,55.9457840736307,-3.19018842248084,1294.0237805744712,1269.0237805744707
55.9457840736307,-3.19018842248084,W,55.9457840736307,-3.1904884224808403,1294.0237805744712,1267.7737805744707
55.9457840736307,-3.1904884224808403,SSW,55.94550690977094,-3.19060322751055,1294.0237805744712,1266.5237805744707
55.94550690977094,-3.19060322751055,S,55.94520690977094,-3.19060322751055,1294.0237805744712,1265.2737805744707
55.94520690977094,-3.19060322751055,WSW,55.94509210474123,-3.190880391370303,1300.4324055255877,1270.4324055255872
55.94509210474123,-3.190880391370303,NE,55.945304236775584,-3.1906682593359474,1300.4324055255877,1269.1824055255872
55.945304236775584,-3.1906682593359474,W,55.945304236775584,-3.1909682593359476,1300.4324055255877,1267.9324055255872
55.945304236775584,-3.1909682593359476,SSE,55.94502707291583,-3.190853454306238,1300.4324055255877,1266.6824055255872
55.94502707291583,-3.190853454306238,SSW,55.94474990905607,-3.1909682593359476,1373.2370107865268,1338.2370107865263
55.94474990905607,-3.1909682593359476,NNW,55.94502707291583,-3.191083064365657,1373.2370107865268,1336.9870107865263
55.94502707291583,-3.191083064365657,NNE,55.945304236775584,-3.1909682593359476,1373.2370107865268,1335.7370107865263
55.945304236775584,-3.1909682593359476,NNE,55.94558140063534,-3.190853454306238,1373.2370107865268,1334.4870107865263
55.94558140063534,-3.190853454306238,NNW,55.9458585644951,-3.1909682593359476,1373.2370107865268,1333.2370107865263
55.9458585644951,-3.1909682593359476,W,55.9458585644951,-3.191268259335948,1373.2370107865268,1331.9870107865263
55.9458585644951,-3.191268259335948,WSW,55.94574375946539,-3.1915454231957012,1373.2370107865268,1330.7370107865263
55.94574375946539,-3.1915454231957012,NW,55.94595589149974,-3.191757555230057,1373.2370107865268,1329.4870107865263
55.94595589149974,-3.191757555230057,WSW,55.94584108647003,-3.1920347190898104,1373.2370107865268,1328.2370107865263
55.94584108647003,-3.1920347190898104,WNW,55.94595589149974,-3.192311882949564,1373.2370107865268,1326.9870107865263
55.94595589149974,-3.192311882949564,ESE,55.94584108647003,-3.1920347190898104,1373.2370107865268,1325.7370107865263
55.94584108647003,-3.1920347190898104,N,55.946141086470035,-3.1920347190898104,1373.2370107865268,1324.4870107865263
55.946141086470035,-3.1920347190898104,E,55.946141086470035,-3.19173471908981,1373.2370107865268,1323.2370107865263
55.946141086470035,-3.19173471908981,E,55.946141086470035,-3.19143471908981,1373.2370107865268,1321.9870107865263
55.946141086470035,-3.19143471908981,E,55.946141086470035,-3.19113471908981,1373.2370107865268,1320.7370107865263
55.946141086470035,-3.19113471908981,E,55.946141086470035,-3.1908347190898096,1373.2370107865268,1319.4870107865263
55.946141086470035,-3.1908347190898096,E,55.946141086470035,-3.1905347190898095,1373.2370107865268,1318.2370107865263
55.946141086470035,-3.1905347190898095,E,55.946141086470035,-3.1902347190898093,1373.2370107865268,1316.9870107865263
55.946141086470035,-3.1902347190898093,E,55.946141086470035,-3.189934719089809,1373.2370107865268,1315.7370107865263
55.946141086470035,-3.189934719089809,S,55.94584108647003,-3.189934719089809,1373.2370107865268,1314.4870107865263
55.94584108647003,-3.189934719089809,NW,55.94605321850439,-3.190146851124165,1373.2370107865268,1313.2370107865263
55.94605321850439,-3.190146851124165,ENE,55.9461680235341,-3.1898696872644114,1373.2370107865268,1311.9870107865263
55.9461680235341,-3.1898696872644114,E,55.9461680235341,-3.1895696872644113,1373.2370107865268,1310.7370107865263
