55.944425,-3.188396,SSE,55.944147836140246,-3.1882811949702905,0.0,248.75
55.944147836140246,-3.1882811949702905,S,55.94384783614024,-3.1882811949702905,0.0,247.5
55.94384783614024,-3.1882811949702905,S,55.94354783614024,-3.1882811949702905,104.51013719713016,350.7601371971302
55.94354783614024,-3.1882811949702905,E,55.94354783614024,-3.1879811949702903,168.52856700924153,413.52856700924156
55.94354783614024,-3.1879811949702903,ESE,55.94343303111053,-3.187704031110537,168.52856700924153,412.27856700924156
55.94343303111053,-3.187704031110537,SSW,55.94315586725077,-3.1878188361402464,220.01628266796286,462.51628266796286
55.94315586725077,-3.1878188361402464,SE,55.94294373521642,-3.1876067041058906,220.01628266796286,461.26628266796286
55.94294373521642,-3.1876067041058906,ESE,55.94282893018671,-3.1873295402461372,282.2596869736259,522.2596869736259
55.94282893018671,-3.1873295402461372,N,55.94312893018671,-3.1873295402461372,282.2596869736259,521.0096869736259
55.94312893018671,-3.1873295402461372,N,55.94342893018671,-3.1873295402461372,282.2596869736259,519.7596869736259
55.94342893018671,-3.1873295402461372,NNW,55.94370609404647,-3.1874443452758467,346.80754478883625,583.0575447888363
55.94370609404647,-3.1874443452758467,ENE,55.94382089907618,-3.1871671814160933,346.80754478883625,581.8075447888363
55.94382089907618,-3.1871671814160933,NE,55.944033031110536,-3.1869550493817376,346.80754478883625,580.5575447888363
55.944033031110536,-3.1869550493817376,E,55.944033031110536,-3.1866550493817374,469.4326492333661,701.9326492333661
55.944033031110536,-3.1866550493817374,E,55.944033031110536,-3.186355049381737,469.4326492333661,700.6826492333661
55.944033031110536,-3.186355049381737,ENE,55.944147836140246,-3.186077885521984,513.9029221480838,743.9029221480838
55.944147836140246,-3.186077885521984,S,55.94384783614024,-3.186077885521984,569.2965917896358,798.0465917896358
55.94384783614024,-3.186077885521984,SE,55.94363570410589,-3.185865753487628,569.2965917896358,796.7965917896358
55.94363570410589,-3.185865753487628,SE,55.94342357207153,-3.1856536214532722,569.2965917896358,795.5465917896358
55.94342357207153,-3.1856536214532722,SE,55.943211440037174,-3.1854414894189165,633.2888374060584,858.2888374060584
55.943211440037174,-3.1854414894189165,S,55.94291144003717,-3.1854414894189165,720.8945306943845,944.6445306943845
55.94291144003717,-3.1854414894189165,SW,55.942699308002815,-3.1856536214532722,821.6422551096937,1044.1422551096937
55.942699308002815,-3.1856536214532722,NNE,55.94297647186257,-3.1855388164235627,821.6422551096937,1042.8922551096937
55.94297647186257,-3.1855388164235627,NNE,55.94325363572233,-3.1854240113938532,821.6422551096937,1041.6422551096937
55.94325363572233,-3.1854240113938532,E,55.94325363572233,-3.185124011393853,821.6422551096937,1040.3922551096937
55.94325363572233,-3.185124011393853,NNE,55.943530799582085,-3.1850092063641435,821.6422551096937,1039.1422551096937
55.943530799582085,-3.1850092063641435,N,55.94383079958209,-3.1850092063641435,821.6422551096937,1037.8922551096937
55.94383079958209,-3.1850092063641435,N,55.94413079958209,-3.1850092063641435,821.6422551096937,1036.6422551096937
55.94413079958209,-3.1850092063641435,NNW,55.94440796344185,-3.185124011393853,916.9177320054587,1130.6677320054587
55.94440796344185,-3.185124011393853,NE,55.9446200954762,-3.1849118793594973,955.3685466013656,1167.8685466013656
55.9446200954762,-3.1849118793594973,E,55.9446200954762,-3.184611879359497,965.3580857371281,1176.608085737128
55.9446200954762,-3.184611879359497,WNW,55.944734900505914,-3.1848890432192505,965.3580857371281,1175.358085737128
55.944734900505914,-3.1848890432192505,WNW,55.944849705535624,-3.185166207079004,965.3580857371281,1174.108085737128
55.944849705535624,-3.185166207079004,WNW,55.944964510565335,-3.1854433709387573,965.3580857371281,1172.858085737128
55.944964510565335,-3.1854433709387573,NW,55.94517664259969,-3.185655502973113,965.3580857371281,1171.608085737128
55.94517664259969,-3.185655502973113,WNW,55.9452914476294,-3.1859326668328665,965.3580857371281,1170.358085737128
55.9452914476294,-3.1859326668328665,W,55.9452914476294,-3.1862326668328667,965.3580857371281,1169.108085737128
55.9452914476294,-3.1862326668328667,NW,55.94550357966376,-3.1864447988672224,965.3580857371281,1167.858085737128
55.94550357966376,-3.1864447988672224,NW,55.945715711698114,-3.186656930901578,1035.3568346917723,1236.6068346917723
55.945715711698114,-3.186656930901578,W,55.945715711698114,-3.1869569309015784,1035.3568346917723,1235.3568346917723
55.945715711698114,-3.1869569309015784,WSW,55.9456009066684,-3.187234094761332,1035.3568346917723,1234.1068346917723
55.9456009066684,-3.187234094761332,W,55.9456009066684,-3.187534094761332,1035.3568346917723,1232.8568346917723
55.9456009066684,-3.187534094761332,WSW,55.94548610163869,-3.1878112586210854,1035.3568346917723,1231.6068346917723
55.94548610163869,-3.1878112586210854,W,55.94548610163869,-3.1881112586210856,1035.3568346917723,1230.3568346917723
55.94548610163869,-3.1881112586210856,WSW,55.94537129660898,-3.188388422480839,1035.3568346917723,1229.1068346917723
55.94537129660898,-3.188388422480839,W,55.94537129660898,-3.188688422480839,1035.3568346917723,1227.8568346917723
55.94537129660898,-3.188688422480839,WSW,55.94525649157927,-3.1889655863405926,1087.284599665923,1278.534599665923
55.94525649157927,-3.1889655863405926,S,55.94495649157927,-3.1889655863405926,1087.284599665923,1277.284599665923
55.94495649157927,-3.1889655863405926,SW,55.94474435954491,-3.1891777183749483,1087.284599665923,1276.034599665923
55.94474435954491,-3.1891777183749483,WSW,55.9446295545152,-3.1894548822347017,1129.8282646466882,1317.3282646466882
55.9446295545152,-3.1894548822347017,SSW,55.944352390655446,-3.1895696872644113,1129.8282646466882,1316.0782646466882
55.944352390655446,-3.1895696872644113,WNW,55.94446719568516,-3.1898468511241647,1241.3251912938406,1426.3251912938406
55.94446719568516,-3.1898468511241647,WNW,55.94458200071487,-3.190124014983918,1241.3251912938406,1425.0751912938406
55.94458200071487,-3.190124014983918,WNW,55.94469680574458,-3.1904011788436715,1312.1549314614647,1494.6549314614647
55.94469680574458,-3.1904011788436715,SSW,55.94441964188482,-3.190515983873381,1312.1549314614647,1493.4049314614647
55.94441964188482,-3.190515983873381,SW,55.944207509850465,-3.1907281159077368,1353.1406512420444,1533.1406512420444
55.944207509850465,-3.1907281159077368,NNW,55.94448467371022,-3.1908429209374463,1353.1406512420444,1531.8906512420444
55.94448467371022,-3.1908429209374463,NW,55.94469680574458,-3.191055052971802,1390.7670206123441,1568.2670206123441
55.94469680574458,-3.191055052971802,NW,55.94490893777893,-3.191267185006158,1390.7670206123441,1567.0170206123441
55.94490893777893,-3.191267185006158,NW,55.94512106981329,-3.1914793170405136,1435.8541775190154,1610.8541775190154
55.94512106981329,-3.1914793170405136,WSW,55.94500626478358,-3.191756480900267,1435.8541775190154,1609.6041775190154
55.94500626478358,-3.191756480900267,WSW,55.94489145975387,-3.1920336447600204,1435.8541775190154,1608.3541775190154
55.94489145975387,-3.1920336447600204,SW,55.94467932771951,-3.192245776794376,1544.53527154506,1715.78527154506
55.94467932771951,-3.192245776794376,SE,55.94446719568516,-3.1920336447600204,1544.53527154506,1714.53527154506
55.94446719568516,-3.1920336447600204,SSE,55.9441900318254,-3.191918839730311,1544.53527154506,1713.28527154506
55.9441900318254,-3.191918839730311,ESE,55.94407522679569,-3.1916416758705575,1666.1851235296408,1833.6851235296408
55.94407522679569,-3.1916416758705575,ESE,55.94396042176598,-3.191364512010804,1666.1851235296408,1832.4351235296408
55.94396042176598,-3.191364512010804,ESE,55.94384561673627,-3.1910873481510507,1666.1851235296408,1831.1851235296408
55.94384561673627,-3.1910873481510507,SE,55.94363348470191,-3.190875216116695,1666.1851235296408,1829.9351235296408
55.94363348470191,-3.190875216116695,ESE,55.9435186796722,-3.1905980522569415,1666.1851235296408,1828.6851235296408
55.9435186796722,-3.1905980522569415,SE,55.943306547637846,-3.1903859202225857,1776.2552266345765,1937.5052266345765
55.943306547637846,-3.1903859202225857,SE,55.94309441560349,-3.19017378818823,1776.2552266345765,1936.2552266345765
55.94309441560349,-3.19017378818823,ESE,55.94297961057378,-3.1898966243284765,1848.2247187137345,2006.9747187137345
55.94297961057378,-3.1898966243284765,NNE,55.943256774433536,-3.189781819298767,1850.213637699616,2007.713637699616
55.943256774433536,-3.189781819298767,N,55.94355677443354,-3.189781819298767,1912.8344172421828,2069.0844172421826
55.94355677443354,-3.189781819298767,SE,55.94334464239918,-3.1895696872644113,1912.8344172421828,2067.8344172421826
55.94334464239918,-3.1895696872644113,SSE,55.943067478539426,-3.1894548822347017,1912.8344172421828,2066.5844172421826
55.943067478539426,-3.1894548822347017,SE,55.94285534650507,-3.189242750200346,1979.04487519022,2131.5448751902195
55.94285534650507,-3.189242750200346,N,55.94315534650507,-3.189242750200346,1979.04487519022,2130.2948751902195
55.94315534650507,-3.189242750200346,N,55.943455346505075,-3.189242750200346,1979.04487519022,2129.0448751902195
55.943455346505075,-3.189242750200346,N,55.94375534650508,-3.189242750200346,1979.04487519022,2127.7948751902195
55.94375534650508,-3.189242750200346,NNW,55.944032510364835,-3.1893575552300555,1979.04487519022,2126.5448751902195
55.944032510364835,-3.1893575552300555,N,55.94433251036484,-3.1893575552300555,1979.04487519022,2125.2948751902195
55.94433251036484,-3.1893575552300555,NNW,55.944609674224594,-3.189472360259765,1979.04487519022,2124.0448751902195
55.944609674224594,-3.189472360259765,N,55.9449096742246,-3.189472360259765,1979.04487519022,2122.7948751902195
55.9449096742246,-3.189472360259765,NNW,55.945186838084354,-3.1895871652894745,1979.04487519022,2121.5448751902195
55.945186838084354,-3.1895871652894745,N,55.945486838084356,-3.1895871652894745,1979.04487519022,2120.2948751902195
55.945486838084356,-3.1895871652894745,NNW,55.94576400194411,-3.189701970319184,2037.77551162032,2177.77551162032
55.94576400194411,-3.189701970319184,W,55.94576400194411,-3.190001970319184,2037.77551162032,2176.52551162032
55.94576400194411,-3.190001970319184,WNW,55.94587880697382,-3.1902791341789376,2037.77551162032,2175.27551162032
55.94587880697382,-3.1902791341789376,W,55.94587880697382,-3.190579134178938,2037.77551162032,2174.02551162032
55.94587880697382,-3.190579134178938,WNW,55.945993612003534,-3.190856298038691,2037.77551162032,2172.77551162032
55.945993612003534,-3.190856298038691,W,55.945993612003534,-3.1911562980386914,2037.77551162032,2171.52551162032
55.945993612003534,-3.1911562980386914,WNW,55.946108417033244,-3.191433461898445,2037.77551162032,2170.27551162032
55.946108417033244,-3.191433461898445,W,55.946108417033244,-3.191733461898445,2037.77551162032,2169.02551162032
55.946108417033244,-3.191733461898445,WNW,55.946223222062955,-3.1920106257581984,2070.4952076884097,2200.4952076884097
55.946223222062955,-3.1920106257581984,W,55.946223222062955,-3.1923106257581986,2137.46344823318,2266.21344823318
55.946223222062955,-3.1923106257581986,E,55.946223222062955,-3.1920106257581984,2137.46344823318,2264.96344823318
55.946223222062955,-3.1920106257581984,W,55.946223222062955,-3.1923106257581986,2137.46344823318,2263.71344823318
55.946223222062955,-3.1923106257581986,E,55.946223222062955,-3.1920106257581984,2137.46344823318,2262.46344823318
55.946223222062955,-3.1920106257581984,W,55.946223222062955,-3.1923106257581986,2137.46344823318,2261.21344823318
55.946223222062955,-3.1923106257581986,E,55.946223222062955,-3.1920106257581984,2137.46344823318,2259.96344823318
55.946223222062955,-3.1920106257581984,W,55.946223222062955,-3.1923106257581986,2137.46344823318,2258.71344823318
55.946223222062955,-3.1923106257581986,E,55.946223222062955,-3.1920106257581984,2137.46344823318,2257.46344823318
55.946223222062955,-3.1920106257581984,W,55.946223222062955,-3.1923106257581986,2137.46344823318,2256.21344823318
55.946223222062955,-3.1923106257581986,E,55.946223222062955,-3.1920106257581984,2137.46344823318,2254.96344823318
55.946223222062955,-3.1920106257581984,W,55.946223222062955,-3.1923106257581986,2137.46344823318,2253.71344823318
55.946223222062955,-3.1923106257581986,E,55.946223222062955,-3.1920106257581984,2137.46344823318,2252.46344823318
55.946223222062955,-3.1920106257581984,W,55.946223222062955,-3.1923106257581986,2137.46344823318,2251.21344823318
55.946223222062955,-3.1923106257581986,E,55.946223222062955,-3.1920106257581984,2137.46344823318,2249.96344823318
55.946223222062955,-3.1920106257581984,W,55.946223222062955,-3.1923106257581986,2137.46344823318,2248.71344823318
55.946223222062955,-3.1923106257581986,E,55.946223222062955,-3.1920106257581984,2137.46344823318,2247.46344823318
55.946223222062955,-3.1920106257581984,W,55.946223222062955,-3.1923106257581986,2137.46344823318,2246.21344823318
55.946223222062955,-3.1923106257581986,E,55.946223222062955,-3.1920106257581984,2137.46344823318,2244.96344823318
55.946223222062955,-3.1920106257581984,W,55.946223222062955,-3.1923106257581986,2137.46344823318,2243.71344823318
55.946223222062955,-3.1923106257581986,E,55.946223222062955,-3.1920106257581984,2137.46344823318,2242.46344823318
55.946223222062955,-3.1920106257581984,W,55.946223222062955,-3.1923106257581986,2137.46344823318,2241.21344823318
55.946223222062955,-3.1923106257581986,E,55.946223222062955,-3.1920106257581984,2137.46344823318,2239.96344823318
55.946223222062955,-3.1920106257581984,W,55.946223222062955,-3.1923106257581986,2137.46344823318,2238.71344823318
55.946223222062955,-3.1923106257581986,E,55.946223222062955,-3.1920106257581984,2137.46344823318,2237.46344823318
55.946223222062955,-3.1920106257581984,W,55.946223222062955,-3.1923106257581986,2137.46344823318,2236.21344823318
55.946223222062955,-3.1923106257581986,E,55.946223222062955,-3.1920106257581984,2137.46344823318,2234.96344823318
55.946223222062955,-3.1920106257581984,W,55.946223222062955,-3.1923106257581986,2137.46344823318,2233.71344823318
55.946223222062955,-3.1923106257581986,E,55.946223222062955,-3.1920106257581984,2137.46344823318,2232.46344823318
55.946223222062955,-3.1920106257581984,W,55.946223222062955,-3.1923106257581986,2137.46344823318,2231.21344823318
55.946223222062955,-3.1923106257581986,E,55.946223222062955,-3.1920106257581984,2137.46344823318,2229.96344823318
55.946223222062955,-3.1920106257581984,W,55.946223222062955,-3.1923106257581986,2137.46344823318,2228.71344823318
55.946223222062955,-3.1923106257581986,E,55.946223222062955,-3.1920106257581984,2137.46344823318,2227.46344823318
55.946223222062955,-3.1920106257581984,W,55.946223222062955,-3.1923106257581986,2137.46344823318,2226.21344823318
55.946223222062955,-3.1923106257581986,E,55.946223222062955,-3.1920106257581984,2137.46344823318,2224.96344823318
55.946223222062955,-3.1920106257581984,W,55.946223222062955,-3.1923106257581986,2137.46344823318,2223.71344823318
55.946223222062955,-3.1923106257581986,E,55.946223222062955,-3.1920106257581984,2137.46344823318,2222.46344823318
55.946223222062955,-3.1920106257581984,W,55.946223222062955,-3.1923106257581986,2137.46344823318,2221.21344823318
55.946223222062955,-3.1923106257581986,E,55.946223222062955,-3.1920106257581984,2137.46344823318,2219.96344823318
55.946223222062955,-3.1920106257581984,W,55.946223222062955,-3.1923106257581986,2137.46344823318,2218.71344823318
55.946223222062955,-3.1923106257581986,E,55.946223222062955,-3.1920106257581984,2137.46344823318,2217.46344823318
55.946223222062955,-3.1920106257581984,W,55.946223222062955,-3.1923106257581986,2137.46344823318,2216.21344823318
55.946223222062955,-3.1923106257581986,E,55.946223222062955,-3.1920106257581984,2137.46344823318,2214.96344823318
55.946223222062955,-3.1920106257581984,W,55.946223222062955,-3.1923106257581986,2137.46344823318,2213.71344823318
55.946223222062955,-3.1923106257581986,E,55.946223222062955,-3.1920106257581984,2137.46344823318,2212.46344823318
55.946223222062955,-3.1920106257581984,W,55.946223222062955,-3.1923106257581986,2137.46344823318,2211.21344823318
55.946223222062955,-3.1923106257581986,E,55.946223222062955,-3.1920106257581984,2137.46344823318,2209.96344823318
55.946223222062955,-3.1920106257581984,W,55.946223222062955,-3.1923106257581986,2137.46344823318,2208.71344823318
55.946223222062955,-3.1923106257581986,E,55.946223222062955,-3.1920106257581984,2137.46344823318,2207.46344823318
55.946223222062955,-3.1920106257581984,W,55.946223222062955,-3.1923106257581986,2137.46344823318,2206.21344823318
55.946223222062955,-3.1923106257581986,E,55.946223222062955,-3.1920106257581984,2137.46344823318,2204.96344823318
55.946223222062955,-3.1920106257581984,W,55.946223222062955,-3.1923106257581986,2137.46344823318,2203.71344823318
55.946223222062955,-3.1923106257581986,E,55.946223222062955,-3.1920106257581984,2137.46344823318,2202.46344823318
55.946223222062955,-3.1920106257581984,W,55.946223222062955,-3.1923106257581986,2137.46344823318,2201.21344823318
55.946223222062955,-3.1923106257581986,E,55.946223222062955,-3.1920106257581984,2137.46344823318,2199.96344823318
55.946223222062955,-3.1920106257581984,W,55.946223222062955,-3.1923106257581986,2137.46344823318,2198.71344823318
55.946223222062955,-3.1923106257581986,E,55.946223222062955,-3.1920106257581984,2137.46344823318,2197.46344823318
55.946223222062955,-3.1920106257581984,W,55.946223222062955,-3.1923106257581986,2137.46344823318,2196.21344823318
55.946223222062955,-3.1923106257581986,E,55.946223222062955,-3.1920106257581984,2137.46344823318,2194.96344823318
55.946223222062955,-3.1920106257581984,W,55.946223222062955,-3.1923106257581986,2137.46344823318,2193.71344823318
55.946223222062955,-3.1923106257581986,E,55.946223222062955,-3.1920106257581984,2137.46344823318,2192.46344823318
55.946223222062955,-3.1920106257581984,W,55.946223222062955,-3.1923106257581986,2137.46344823318,2191.21344823318
55.946223222062955,-3.1923106257581986,E,55.946223222062955,-3.1920106257581984,2137.46344823318,2189.96344823318
55.946223222062955,-3.1920106257581984,W,55.946223222062955,-3.1923106257581986,2137.46344823318,2188.71344823318
55.946223222062955,-3.1923106257581986,E,55.946223222062955,-3.1920106257581984,2137.46344823318,2187.46344823318
55.946223222062955,-3.1920106257581984,W,55.946223222062955,-3.1923106257581986,2137.46344823318,2186.21344823318
55.946223222062955,-3.1923106257581986,E,55.946223222062955,-3.1920106257581984,2137.46344823318,2184.96344823318
55.946223222062955,-3.1920106257581984,W,55.946223222062955,-3.1923106257581986,2137.46344823318,2183.71344823318
55.946223222062955,-3.1923106257581986,E,55.946223222062955,-3.1920106257581984,2137.46344823318,2182.46344823318
55.946223222062955,-3.1920106257581984,W,55.946223222062955,-3.1923106257581986,2137.46344823318,2181.21344823318
55.946223222062955,-3.1923106257581986,E,55.946223222062955,-3.1920106257581984,2137.46344823318,2179.96344823318
55.946223222062955,-3.1920106257581984,W,55.946223222062955,-3.1923106257581986,2137.46344823318,2178.71344823318
55.946223222062955,-3.1923106257581986,E,55.946223222062955,-3.1920106257581984,2137.46344823318,2177.46344823318
55.946223222062955,-3.1920106257581984,W,55.946223222062955,-3.1923106257581986,2137.46344823318,2176.21344823318
55.946223222062955,-3.1923106257581986,E,55.946223222062955,-3.1920106257581984,2137.46344823318,2174.96344823318
55.946223222062955,-3.1920106257581984,W,55.946223222062955,-3.1923106257581986,2137.46344823318,2173.71344823318
55.946223222062955,-3.1923106257581986,E,55.946223222062955,-3.1920106257581984,2137.46344823318,2172.46344823318
55.946223222062955,-3.1920106257581984,W,55.946223222062955,-3.1923106257581986,2137.46344823318,2171.21344823318
55.946223222062955,-3.1923106257581986,E,55.946223222062955,-3.1920106257581984,2137.46344823318,2169.96344823318
55.946223222062955,-3.1920106257581984,W,55.946223222062955,-3.1923106257581986,2137.46344823318,2168.71344823318
55.946223222062955,-3.1923106257581986,E,55.946223222062955,-3.1920106257581984,2137.46344823318,2167.46344823318
55.946223222062955,-3.1920106257581984,W,55.946223222062955,-3.1923106257581986,2137.46344823318,2166.21344823318
55.946223222062955,-3.1923106257581986,E,55.946223222062955,-3.1920106257581984,2137.46344823318,2164.96344823318
55.946223222062955,-3.1920106257581984,W,55.946223222062955,-3.1923106257581986,2137.46344823318,2163.71344823318
55.946223222062955,-3.1923106257581986,E,55.946223222062955,-3.1920106257581984,2137.46344823318,2162.46344823318
55.946223222062955,-3.1920106257581984,W,55.946223222062955,-3.1923106257581986,2137.46344823318,2161.21344823318
55.946223222062955,-3.1923106257581986,E,55.946223222062955,-3.1920106257581984,2137.46344823318,2159.96344823318
55.946223222062955,-3.1920106257581984,W,55.946223222062955,-3.1923106257581986,2137.46344823318,2158.71344823318
55.946223222062955,-3.1923106257581986,E,55.946223222062955,-3.1920106257581984,2137.46344823318,2157.46344823318
55.946223222062955,-3.1920106257581984,W,55.946223222062955,-3.1923106257581986,2137.46344823318,2156.21344823318
55.946223222062955,-3.1923106257581986,E,55.946223222062955,-3.1920106257581984,2137.46344823318,2154.96344823318
55.946223222062955,-3.1920106257581984,W,55.946223222062955,-3.1923106257581986,2137.46344823318,2153.71344823318
55.946223222062955,-3.1923106257581986,E,55.946223222062955,-3.1920106257581984,2137.46344823318,2152.46344823318
55.946223222062955,-3.1920106257581984,W,55.946223222062955,-3.1923106257581986,2137.46344823318,2151.21344823318
55.946223222062955,-3.1923106257581986,E,55.946223222062955,-3.1920106257581984,2137.46344823318,2149.96344823318
55.946223222062955,-3.1920106257581984,W,55.946223222062955,-3.1923106257581986,2137.46344823318,2148.71344823318
55.946223222062955,-3.1923106257581986,E,55.946223222062955,-3.1920106257581984,2137.46344823318,2147.46344823318
55.946223222062955,-3.1920106257581984,W,55.946223222062955,-3.1923106257581986,2137.46344823318,2146.21344823318
55.946223222062955,-3.1923106257581986,E,55.946223222062955,-3.1920106257581984,2137.46344823318,2144.96344823318
55.946223222062955,-3.1920106257581984,W,55.946223222062955,-3.1923106257581986,2137.46344823318,2143.71344823318
55.946223222062955,-3.1923106257581986,E,55.946223222062955,-3.1920106257581984,2137.46344823318,2142.46344823318
55.946223222062955,-3.1920106257581984,W,55.946223222062955,-3.1923106257581986,2137.46344823318,2141.21344823318
55.946223222062955,-3.1923106257581986,E,55.946223222062955,-3.1920106257581984,2137.46344823318,2139.96344823318
55.946223222062955,-3.1920106257581984,W,55.946223222062955,-3.1923106257581986,2137.46344823318,2138.71344823318
55.946223222062955,-3.1923106257581986,E,55.946223222062955,-3.1920106257581984,2137.46344823318,2137.46344823318
55.946223222062955,-3.1920106257581984,W,55.946223222062955,-3.1923106257581986,2137.46344823318,2136.21344823318
55.946223222062955,-3.1923106257581986,E,55.946223222062955,-3.1920106257581984,2137.46344823318,2134.96344823318
55.946223222062955,-3.1920106257581984,W,55.946223222062955,-3.1923106257581986,2137.46344823318,2133.71344823318
55.946223222062955,-3.1923106257581986,E,55.946223222062955,-3.1920106257581984,2137.46344823318,2132.46344823318
55.946223222062955,-3.1920106257581984,W,55.946223222062955,-3.1923106257581986,2137.46344823318,2131.21344823318
55.946223222062955,-3.1923106257581986,E,55.946223222062955,-3.1920106257581984,2137.46344823318,2129.96344823318
55.946223222062955,-3.1920106257581984,W,55.946223222062955,-3.1923106257581986,2137.46344823318,2128.71344823318
55.946223222062955,-3.1923106257581986,E,55.946223222062955,-3.1920106257581984,2137.46344823318,2127.46344823318
55.946223222062955,-3.1920106257581984,W,55.946223222062955,-3.1923106257581986,2137.46344823318,2126.21344823318
55.946223222062955,-3.1923106257581986,E,55.946223222062955,-3.1920106257581984,2137.46344823318,2124.96344823318
55.946223222062955,-3.1920106257581984,W,55.946223222062955,-3.1923106257581986,2137.46344823318,2123.71344823318
55.946223222062955,-3.1923106257581986,E,55.946223222062955,-3.1920106257581984,2137.46344823318,2122.46344823318
55.946223222062955,-3.1920106257581984,W,55.946223222062955,-3.1923106257581986,2137.46344823318,2121.21344823318
55.946223222062955,-3.1923106257581986,E,55.946223222062955,-3.1920106257581984,2137.46344823318,2119.96344823318
55.946223222062955,-3.1920106257581984,W,55.946223222062955,-3.1923106257581986,2137.46344823318,2118.71344823318
55.946223222062955,-3.1923106257581986,E,55.946223222062955,-3.1920106257581984,2137.46344823318,2117.46344823318
55.946223222062955,-3.1920106257581984,W,55.946223222062955,-3.1923106257581986,2137.46344823318,2116.21344823318
55.946223222062955,-3.1923106257581986,E,55.946223222062955,-3.1920106257581984,2137.46344823318,2114.96344823318
55.946223222062955,-3.1920106257581984,W,55.946223222062955,-3.1923106257581986,2137.46344823318,2113.71344823318
55.946223222062955,-3.1923106257581986,E,55.946223222062955,-3.1920106257581984,2137.46344823318,2112.46344823318
55.946223222062955,-3.1920106257581984,W,55.946223222062955,-3.1923106257581986,2137.46344823318,2111.21344823318
55.946223222062955,-3.1923106257581986,E,55.946223222062955,-3.1920106257581984,2137.46344823318,2109.96344823318
55.946223222062955,-3.1920106257581984,W,55.946223222062955,-3.1923106257581986,2137.46344823318,2108.71344823318
55.946223222062955,-3.1923106257581986,E,55.946223222062955,-3.1920106257581984,2137.46344823318,2107.46344823318
55.946223222062955,-3.1920106257581984,W,55.946223222062955,-3.1923106257581986,2137.46344823318,2106.21344823318
55.946223222062955,-3.1923106257581986,E,55.946223222062955,-3.1920106257581984,2137.46344823318,2104.96344823318
55.946223222062955,-3.1920106257581984,W,55.946223222062955,-3.1923106257581986,2137.46344823318,2103.71344823318
55.946223222062955,-3.1923106257581986,E,55.946223222062955,-3.1920106257581984,2137.46344823318,2102.46344823318
55.946223222062955,-3.1920106257581984,W,55.946223222062955,-3.1923106257581986,2137.46344823318,2101.21344823318
55.946223222062955,-3.1923106257581986,E,55.946223222062955,-3.1920106257581984,2137.46344823318,2099.96344823318
55.946223222062955,-3.1920106257581984,W,55.946223222062955,-3.1923106257581986,2137.46344823318,2098.71344823318
55.946223222062955,-3.1923106257581986,E,55.946223222062955,-3.1920106257581984,2137.46344823318,2097.46344823318
55.946223222062955,-3.1920106257581984,W,55.946223222062955,-3.1923106257581986,2137.46344823318,2096.21344823318
55.946223222062955,-3.1923106257581986,E,55.946223222062955,-3.1920106257581984,2137.46344823318,2094.96344823318
55.946223222062955,-3.1920106257581984,W,55.946223222062955,-3.1923106257581986,2137.46344823318,2093.71344823318
55.946223222062955,-3.1923106257581986,E,55.946223222062955,-3.1920106257581984,2137.46344823318,2092.46344823318
55.946223222062955,-3.1920106257581984,W,55.946223222062955,-3.1923106257581986,2137.46344823318,2091.21344823318
55.946223222062955,-3.1923106257581986,E,55.946223222062955,-3.1920106257581984,2137.46344823318,2089.96344823318
55.946223222062955,-3.1920106257581984,W,55.946223222062955,-3.1923106257581986,2137.46344823318,2088.71344823318
55.946223222062955,-3.1923106257581986,E,55.946223222062955,-3.1920106257581984,2137.46344823318,2087.46344823318
55.946223222062955,-3.1920106257581984,W,55.946223222062955,-3.1923106257581986,2137.46344823318,2086.21344823318
55.946223222062955,-3.1923106257581986,E,55.946223222062955,-3.1920106257581984,2137.46344823318,2084.96344823318
55.946223222062955,-3.1920106257581984,W,55.946223222062955,-3.1923106257581986,2137.46344823318,2083.71344823318
55.946223222062955,-3.1923106257581986,E,55.946223222062955,-3.1920106257581984,2137.46344823318,2082.46344823318
55.946223222062955,-3.1920106257581984,W,55.946223222062955,-3.1923106257581986,2137.46344823318,2081.21344823318
55.946223222062955,-3.1923106257581986,E,55.946223222062955,-3.1920106257581984,2137.46344823318,2079.96344823318
55.946223222062955,-3.1920106257581984,W,55.946223222062955,-3.1923106257581986,2137.46344823318,2078.71344823318
55.946223222062955,-3.1923106257581986,E,55.946223222062955,-3.1920106257581984,2137.46344823318,2077.46344823318
55.946223222062955,-3.1920106257581984,W,55.946223222062955,-3.1923106257581986,2137.46344823318,2076.21344823318
55.946223222062955,-3.1923106257581986,E,55.946223222062955,-3.1920106257581984,2137.46344823318,2074.96344823318
